Table S1: IEI Candidate Genes without Filter,X1,pLI,AssociatedGene,pNull,pRec,InItan,Pathway1,Pathway2,BothPathways,,
1,1897,1.62E-72,ROS1,1,1.47E-10,NEW,FALSE,TRUE,FALSE,,
2,1638,1.73E-72,PLB1,1,2.99E-12,NEW,TRUE,FALSE,FALSE,,
3,314,1.09E-60,CD36,1,5.63E-17,KNOWN,FALSE,TRUE,FALSE,,
4,2198,2.88E-59,TG,0.99867,0.0013303,NEW,TRUE,TRUE,TRUE,,
5,547,2.54E-58,DNAH11,1.19E-09,1,NEW,TRUE,FALSE,FALSE,,
6,572,4.50E-56,DUOX2,1,1.07E-09,NEW,TRUE,FALSE,FALSE,,
7,3,2.11E-55,ABCA7,1,5.07E-07,NEW,TRUE,FALSE,FALSE,,
8,1887,4.91E-55,RNF213,6.71E-11,1,NEW,TRUE,FALSE,FALSE,,
9,1392,1.48E-54,MYOF,0.99783,0.0021672,KNOWN,TRUE,FALSE,FALSE,,
10,1375,2.79E-54,MUC4,0.99998,1.66E-05,NEW,TRUE,FALSE,FALSE,,
11,2144,3.19E-52,SYNE1,8.49E-54,1,NEW,TRUE,FALSE,FALSE,,
12,1164,2.41E-47,LAMA2,2.74E-05,0.99997,KNOWN,FALSE,TRUE,FALSE,,
13,1165,8.83E-46,LAMA3,1.55E-07,1,NEW,TRUE,FALSE,FALSE,,
14,422,4.49E-45,COL22A1,0.99373,0.006274,NEW,TRUE,FALSE,FALSE,,
15,590,1.14E-44,DYNC2H1,9.24E-17,1,NEW,TRUE,FALSE,FALSE,,
16,1680,1.51E-42,PPL,0.99986,0.00014295,NEW,TRUE,FALSE,FALSE,,
17,475,4.63E-42,CUBN,4.24E-10,1,NEW,TRUE,FALSE,FALSE,,
18,2207,4.62E-41,THADA,0.99794,0.0020642,NEW,TRUE,FALSE,FALSE,,
19,522,1.07E-38,DDX60L,0.999,0.00099707,NEW,TRUE,FALSE,FALSE,,
20,1451,1.42E-38,NLRP2,1,1.21E-07,KNOWN,FALSE,TRUE,FALSE,,
21,961,3.63E-38,HMCN1,1.74E-27,1,NEW,TRUE,FALSE,FALSE,,
22,775,7.21E-37,FOCAD,0.72203,0.27797,NEW,TRUE,FALSE,FALSE,,
23,1365,7.87E-37,MST1R,1,4.80E-06,KNOWN,FALSE,TRUE,FALSE,,
24,1785,1.03E-36,PTPRH,0.99998,2.09E-05,NEW,FALSE,TRUE,FALSE,,
25,1389,2.03E-36,MYO3B,0.99693,0.0030746,NEW,TRUE,FALSE,FALSE,,
26,2357,2.95E-35,USP6,0.9923,0.0077019,NEW,FALSE,TRUE,FALSE,,
27,1991,6.09E-35,SH3TC1,0.99999,8.72E-06,NEW,TRUE,FALSE,FALSE,,
28,2405,2.64E-34,WRN,0.97217,0.027833,KNOWN,TRUE,TRUE,TRUE,,
29,155,3.67E-34,ATP8B4,0.99965,0.00034632,NEW,TRUE,FALSE,FALSE,,
30,1678,6.00E-34,PPFIBP2,0.99997,3.36E-05,NEW,TRUE,FALSE,FALSE,,
31,1926,8.97E-34,RTTN,0.00011886,0.99988,NEW,TRUE,FALSE,FALSE,,
32,1508,1.97E-33,OAS3,0.99998,1.82E-05,NEW,TRUE,FALSE,FALSE,,
33,1163,3.22E-32,LAMA1,2.36E-10,1,NEW,FALSE,TRUE,FALSE,,
34,1961,5.04E-32,SELP,0.99998,1.72E-05,KNOWN,TRUE,TRUE,TRUE,,
35,82,7.32E-32,ANO6,0.9997,0.00029551,NEW,TRUE,FALSE,FALSE,,
36,89,1.17E-31,AOX1,0.9281,0.071904,KNOWN,TRUE,FALSE,FALSE,,
37,385,1.89E-31,CGN,0.94998,0.050021,NEW,FALSE,TRUE,FALSE,,
38,1900,4.08E-31,RPGRIP1L,0.95902,0.040981,NEW,TRUE,FALSE,FALSE,,
39,1207,2.58E-30,LRRK2,6.37E-09,1,KNOWN,TRUE,TRUE,TRUE,,
40,413,4.29E-30,CNKSR1,0.99994,6.36E-05,KNOWN,FALSE,TRUE,FALSE,,
41,1298,7.76E-30,MCPH1,0.99999,1.26E-05,NEW,FALSE,TRUE,FALSE,,
42,2392,2.60E-29,VWA5A,0.99999,1.33E-05,NEW,TRUE,FALSE,FALSE,,
43,1091,5.71E-29,ITPR2,3.68E-10,1,NEW,TRUE,FALSE,FALSE,,
44,1332,1.26E-28,MKI67,0.0010241,0.99898,NEW,TRUE,FALSE,FALSE,,
45,1466,3.05E-28,NOX5,0.99997,2.96E-05,NEW,TRUE,FALSE,FALSE,,
46,1749,4.96E-28,PRUNE2,2.90E-05,0.99997,NEW,TRUE,FALSE,FALSE,,
47,875,2.88E-27,GPNMB,0.99999,8.06E-06,NEW,TRUE,FALSE,FALSE,,
48,1045,2.99E-27,IL3RA,1,2.22E-06,NEW,FALSE,TRUE,FALSE,,
49,1807,3.44E-27,RAD50,0.28401,0.71599,KNOWN,TRUE,FALSE,FALSE,,
50,2025,3.60E-27,SLC44A3,0.99997,3.41E-05,NEW,TRUE,FALSE,FALSE,,
51,1645,4.14E-27,PLD2,0.99297,0.0070263,NEW,TRUE,TRUE,TRUE,,
52,1669,8.05E-27,POLE,2.18E-08,1,NEW,FALSE,TRUE,FALSE,,
53,1061,8.50E-27,IQGAP2,0.007036,0.99296,KNOWN,TRUE,FALSE,FALSE,,
54,671,2.06E-26,ERAP1,0.99747,0.0025295,NEW,TRUE,FALSE,FALSE,,
55,1214,9.29E-26,LTK,0.99914,0.00086032,KNOWN,FALSE,TRUE,FALSE,,
56,47,1.08E-25,AHI1,0.83422,0.16578,NEW,TRUE,FALSE,FALSE,,
57,1772,1.42E-25,PTPN13,4.27E-08,1,KNOWN,TRUE,TRUE,TRUE,,
58,2145,1.65E-25,SYNE2,9.61E-48,1,NEW,TRUE,FALSE,FALSE,,
59,2393,3.22E-25,VWF,1.09E-10,1,NEW,TRUE,FALSE,FALSE,,
60,670,3.31E-25,EPSTI1,0.99998,1.85E-05,NEW,TRUE,FALSE,FALSE,,
61,2332,6.56E-25,TYRP1,0.99999,7.44E-06,NEW,TRUE,FALSE,FALSE,,
62,2401,6.88E-25,WNK4,0.98011,0.019887,NEW,FALSE,TRUE,FALSE,,
63,1556,8.03E-25,PCDH15,0.0061344,0.99387,NEW,TRUE,FALSE,FALSE,,
64,2147,9.89E-25,SYT8,1,4.92E-06,NEW,TRUE,FALSE,FALSE,,
65,1294,1.16E-24,MCF2L2,0.46951,0.53049,NEW,TRUE,FALSE,FALSE,,
66,390,1.21E-24,CHEK2,0.99992,7.64E-05,KNOWN,TRUE,TRUE,TRUE,,
67,172,1.38E-24,BARD1,0.99969,0.00030599,NEW,FALSE,TRUE,FALSE,,
68,1297,1.94E-24,MCM7,0.99928,0.00072123,KNOWN,TRUE,FALSE,FALSE,,
69,1278,3.30E-24,MARCH10,0.99973,0.00026554,NEW,TRUE,FALSE,FALSE,,
70,2152,4.82E-24,TACC2,3.94E-06,1,NEW,TRUE,FALSE,FALSE,,
71,2166,8.47E-24,TBC1D4,0.51863,0.48137,NEW,FALSE,TRUE,FALSE,,
72,1177,9.84E-24,LDLR,0.99304,0.0069579,KNOWN,TRUE,FALSE,FALSE,,
73,658,1.46E-23,EPHA1,0.96771,0.032287,KNOWN,FALSE,TRUE,FALSE,,
74,1557,1.75E-23,PCK2,0.99963,0.00036831,NEW,TRUE,FALSE,FALSE,,
75,521,1.76E-23,DDX58,0.98123,0.018769,KNOWN,FALSE,TRUE,FALSE,,
76,1465,2.05E-23,NOTCH4,0.00029251,0.99971,NEW,FALSE,TRUE,FALSE,,
77,897,2.55E-23,GSAP,0.91563,0.084366,NEW,TRUE,FALSE,FALSE,,
78,492,3.20E-23,CYP24A1,0.99986,0.00014163,NEW,TRUE,FALSE,FALSE,,
79,609,4.20E-23,EFCAB5,0.054595,0.9454,NEW,TRUE,FALSE,FALSE,,
80,360,4.62E-23,CDK5RAP2,7.58E-07,1,NEW,TRUE,FALSE,FALSE,,
81,380,4.72E-23,CEP128,0.04709,0.95291,NEW,TRUE,FALSE,FALSE,,
82,2225,5.87E-23,TLR1,0.99997,2.83E-05,KNOWN,FALSE,TRUE,FALSE,,
83,1505,1.10E-22,NUP210,0.00013056,0.99987,NEW,TRUE,FALSE,FALSE,,
84,1087,1.63E-22,ITGB6,0.99736,0.0026426,KNOWN,FALSE,TRUE,FALSE,,
85,2377,2.30E-22,VEPH1,0.99676,0.0032358,NEW,TRUE,FALSE,FALSE,,
86,562,3.37E-22,DPYD,0.89681,0.10319,NEW,TRUE,FALSE,FALSE,,
87,248,3.52E-22,CAPN2,0.97054,0.029456,KNOWN,TRUE,FALSE,FALSE,,
88,1314,4.51E-22,MELK,0.9975,0.0024993,NEW,FALSE,TRUE,FALSE,,
89,680,5.16E-22,ERCC6,0.0082575,0.99174,NEW,FALSE,TRUE,FALSE,,
90,2384,9.31E-22,VPS13A,1.96E-18,1,NEW,TRUE,FALSE,FALSE,,
91,1213,1.27E-21,LTF,0.99117,0.0088337,KNOWN,TRUE,TRUE,TRUE,,
92,1263,1.87E-21,MAPK15,0.99958,0.00041956,KNOWN,FALSE,TRUE,FALSE,,
93,1507,2.61E-21,OAS2,0.99635,0.0036471,NEW,TRUE,FALSE,FALSE,,
94,224,3.40E-21,BTN2A1,0.99992,8.34E-05,NEW,TRUE,FALSE,FALSE,,
95,1775,3.49E-21,PTPN22,0.96933,0.030669,KNOWN,TRUE,TRUE,TRUE,,
96,1605,3.94E-21,PIEZO1,2.59E-10,1,NEW,TRUE,FALSE,FALSE,,
97,1644,4.78E-21,PLD1,0.14192,0.85808,KNOWN,TRUE,TRUE,TRUE,,
98,1916,5.96E-21,RPS6KB2,0.99957,0.00043136,NEW,TRUE,TRUE,TRUE,,
99,141,1.15E-20,ASCC3,5.56E-11,1,NEW,TRUE,FALSE,FALSE,,
100,2172,1.41E-20,TBXAS1,0.99862,0.0013799,NEW,TRUE,FALSE,FALSE,,
101,1640,3.07E-20,PLCB2,0.060572,0.93943,KNOWN,FALSE,TRUE,FALSE,,
102,2040,3.63E-20,SMAD6,0.99998,2.44E-05,KNOWN,FALSE,TRUE,FALSE,,
103,708,7.17E-20,FAM129A,0.99308,0.0069222,NEW,TRUE,FALSE,FALSE,,
104,607,8.36E-20,EEF2K,0.94682,0.053184,NEW,TRUE,TRUE,TRUE,,
105,2165,8.60E-20,TBC1D31,0.066922,0.93308,NEW,TRUE,FALSE,FALSE,,
106,2362,1.00E-19,UTRN,8.03E-25,1,NEW,TRUE,FALSE,FALSE,,
107,2215,1.24E-19,TIE1,0.15354,0.84646,NEW,FALSE,TRUE,FALSE,,
108,1283,1.71E-19,MAST2,4.96E-05,0.99995,NEW,FALSE,TRUE,FALSE,,
109,1166,2.50E-19,LAMB2,1.18E-06,1,NEW,FALSE,TRUE,FALSE,,
110,1063,2.61E-19,IRAK2,0.99232,0.0076838,KNOWN,FALSE,TRUE,FALSE,,
111,431,4.74E-19,CR2,0.12171,0.87829,NEW,TRUE,TRUE,TRUE,,
112,1364,4.78E-19,MST1,0.85727,0.14273,KNOWN,TRUE,TRUE,TRUE,,
113,2015,5.31E-19,SLC12A8,0.98833,0.011672,NEW,TRUE,FALSE,FALSE,,
114,646,5.76E-19,EML2,0.84188,0.15812,NEW,TRUE,FALSE,FALSE,,
115,1085,9.53E-19,ITGB4,8.51E-07,1,NEW,FALSE,TRUE,FALSE,,
116,97,1.36E-18,APOBEC3D,0.99923,0.000768,NEW,TRUE,FALSE,FALSE,,
117,423,1.64E-18,COL25A1,0.1058,0.8942,NEW,TRUE,FALSE,FALSE,,
118,710,1.90E-18,FAM13A,0.021604,0.9784,NEW,TRUE,TRUE,TRUE,,
119,1456,2.46E-18,NOD1,0.97139,0.028611,KNOWN,FALSE,TRUE,FALSE,,
120,1855,3.17E-18,RECQL5,0.6191,0.3809,KNOWN,FALSE,TRUE,FALSE,,
121,752,3.19E-18,FGGY,0.98263,0.017371,NEW,TRUE,FALSE,FALSE,,
122,1377,3.42E-18,MX1,0.98189,0.018112,KNOWN,TRUE,FALSE,FALSE,,
123,768,3.59E-18,FMN1,0.36491,0.63509,NEW,TRUE,FALSE,FALSE,,
124,1162,4.18E-18,KYNU,0.99448,0.0055187,NEW,TRUE,FALSE,FALSE,,
125,411,4.49E-18,CNBD1,0.99919,0.00080563,NEW,TRUE,FALSE,FALSE,,
126,2167,4.64E-18,TBC1D5,0.54719,0.45281,NEW,TRUE,FALSE,FALSE,,
127,975,4.65E-18,HOOK2,0.30897,0.69103,NEW,TRUE,FALSE,FALSE,,
128,1352,4.90E-18,MR1,0.99956,0.00044056,KNOWN,TRUE,FALSE,FALSE,,
129,1517,5.91E-18,OPTN,0.987,0.013002,KNOWN,TRUE,FALSE,FALSE,,
130,2205,6.81E-18,TGM2,0.97292,0.027081,KNOWN,TRUE,TRUE,TRUE,,
131,2477,7.79E-18,ZNF333,0.98471,0.015285,NEW,TRUE,FALSE,FALSE,,
132,1338,7.88E-18,MMP13,0.99784,0.002162,NEW,TRUE,FALSE,FALSE,,
133,1423,8.21E-18,NEK9,0.058638,0.94136,KNOWN,FALSE,TRUE,FALSE,,
134,2179,1.27E-17,TDP1,0.92633,0.073672,KNOWN,TRUE,FALSE,FALSE,,
135,108,1.31E-17,ARHGAP10,0.32542,0.67458,NEW,TRUE,FALSE,FALSE,,
136,1342,1.89E-17,MMP9,0.97436,0.025637,KNOWN,TRUE,TRUE,TRUE,,
137,610,1.90E-17,EFHC1,0.97429,0.025709,NEW,TRUE,FALSE,FALSE,,
138,2093,2.38E-17,SPIDR,0.89448,0.10552,NEW,TRUE,FALSE,FALSE,,
139,852,2.43E-17,GNA14,0.99887,0.0011304,NEW,FALSE,TRUE,FALSE,,
140,1812,3.03E-17,RALGAPA2,5.92E-09,1,NEW,TRUE,FALSE,FALSE,,
141,738,4.61E-17,FCRL5,0.84776,0.15224,NEW,TRUE,FALSE,FALSE,,
142,147,4.67E-17,ATG4C,0.99383,0.0061658,NEW,TRUE,FALSE,FALSE,,
143,613,8.53E-17,EGF,0.00047646,0.99952,KNOWN,FALSE,TRUE,FALSE,,
144,2305,1.01E-16,TRPV1,0.87302,0.12698,NEW,FALSE,TRUE,FALSE,,
145,453,1.42E-16,CSN1S1,0.99834,0.001661,NEW,TRUE,TRUE,TRUE,,
146,253,1.75E-16,CASP5,0.99638,0.0036221,KNOWN,FALSE,TRUE,FALSE,,
147,1403,2.18E-16,NBN,0.65704,0.34296,NEW,TRUE,TRUE,TRUE,,
148,2306,2.24E-16,TRPV4,0.80389,0.19611,KNOWN,FALSE,TRUE,FALSE,,
149,2386,2.41E-16,VPS33B,0.41849,0.58151,NEW,TRUE,FALSE,FALSE,,
150,23,2.44E-16,ADAM15,0.054813,0.94519,KNOWN,TRUE,FALSE,FALSE,,
151,14,2.55E-16,ACPP,0.99132,0.0086825,NEW,FALSE,TRUE,FALSE,,
152,1717,3.33E-16,PREX2,1.13E-07,1,NEW,FALSE,TRUE,FALSE,,
153,1292,4.66E-16,MCC,0.023468,0.97653,NEW,TRUE,FALSE,FALSE,,
154,43,6.35E-16,AGER,0.98516,0.014845,KNOWN,TRUE,TRUE,TRUE,,
155,267,6.50E-16,CCDC57,0.6606,0.3394,NEW,TRUE,FALSE,FALSE,,
156,1221,6.84E-16,MAD1L1,0.4332,0.5668,NEW,TRUE,FALSE,FALSE,,
157,1891,7.27E-16,ROBO1,3.69E-08,1,KNOWN,TRUE,FALSE,FALSE,,
158,626,1.24E-15,EIF2AK4,3.48E-09,1,NEW,FALSE,TRUE,FALSE,,
159,824,1.26E-15,GBP1,0.95773,0.042267,NEW,TRUE,FALSE,FALSE,,
160,1082,1.37E-15,ITGAX,0.00021697,0.99978,NEW,FALSE,TRUE,FALSE,,
161,673,1.70E-15,ERBB3,3.21E-05,0.99997,KNOWN,FALSE,TRUE,FALSE,,
162,1808,2.08E-15,RAD51B,0.99581,0.0041915,NEW,TRUE,FALSE,FALSE,,
163,2310,3.04E-15,TSHR,0.96296,0.037041,KNOWN,FALSE,TRUE,FALSE,,
164,1131,3.57E-15,KIR2DL1,0.99845,0.0015538,NEW,FALSE,TRUE,FALSE,,
165,743,3.79E-15,FES,0.02792,0.97208,KNOWN,FALSE,TRUE,FALSE,,
166,1460,4.03E-15,NOS2,0.00112,0.99888,KNOWN,TRUE,TRUE,TRUE,,
167,1174,4.19E-15,LBP,0.97666,0.023338,KNOWN,TRUE,FALSE,FALSE,,
168,2243,5.07E-15,TNFRSF10A,0.99292,0.0070804,KNOWN,TRUE,TRUE,TRUE,,
169,2461,5.24E-15,ZNF226,0.90422,0.09578,NEW,TRUE,FALSE,FALSE,,
170,1341,5.74E-15,MMP3,0.98537,0.014628,NEW,TRUE,FALSE,FALSE,,
171,704,5.92E-15,F5,1.82E-09,1,NEW,FALSE,TRUE,FALSE,,
172,2154,7.98E-15,TAF1B,0.61171,0.38829,NEW,TRUE,FALSE,FALSE,,
173,1923,9.44E-15,RSAD2,0.99724,0.0027562,NEW,TRUE,FALSE,FALSE,,
174,1881,1.19E-14,RIPK3,0.97761,0.022389,KNOWN,FALSE,TRUE,FALSE,,
175,2122,1.28E-14,STK10,0.0051641,0.99484,NEW,TRUE,TRUE,TRUE,,
176,430,1.32E-14,CPQ,0.98761,0.012393,NEW,TRUE,FALSE,FALSE,,
177,418,1.43E-14,COL14A1,1.03E-10,1,NEW,TRUE,FALSE,FALSE,,
178,2289,2.29E-14,TRAPPC9,0.00045722,0.99954,NEW,TRUE,FALSE,FALSE,,
179,718,2.49E-14,FANCG,0.7749,0.2251,KNOWN,FALSE,TRUE,FALSE,,
180,1308,2.59E-14,MED16,0.59988,0.40012,KNOWN,TRUE,FALSE,FALSE,,
181,643,3.01E-14,ELP3,0.57141,0.42859,KNOWN,TRUE,FALSE,FALSE,,
182,1665,3.66E-14,PNKP,0.91833,0.081672,KNOWN,TRUE,FALSE,FALSE,,
183,909,3.67E-14,GZMB,0.99835,0.0016523,NEW,FALSE,TRUE,FALSE,,
184,694,3.96E-14,ETV7,0.98768,0.012316,NEW,TRUE,FALSE,FALSE,,
185,2471,6.33E-14,ZNF268,0.41659,0.58341,NEW,TRUE,FALSE,FALSE,,
186,2297,6.90E-14,TRIM55,0.8832,0.1168,NEW,TRUE,FALSE,FALSE,,
187,1148,6.98E-14,KLRK1,0.99535,0.0046476,KNOWN,FALSE,TRUE,FALSE,,
188,839,7.66E-14,GLI1,0.15707,0.84293,NEW,FALSE,TRUE,FALSE,,
189,202,8.35E-14,BLK,0.87016,0.12984,KNOWN,TRUE,TRUE,TRUE,,
190,1133,8.36E-14,KIR3DL1,0.99483,0.0051666,NEW,FALSE,TRUE,FALSE,,
191,2368,8.45E-14,VAV3,0.00034652,0.99965,KNOWN,TRUE,TRUE,TRUE,,
192,1968,8.83E-14,SERPINA3,0.99723,0.0027728,NEW,TRUE,FALSE,FALSE,,
193,449,9.27E-14,CSGALNACT1,0.96126,0.038743,NEW,TRUE,FALSE,FALSE,,
194,1779,9.41E-14,PTPN7,0.74764,0.25236,KNOWN,FALSE,TRUE,FALSE,,
195,2292,1.16E-13,TRIB3,0.99675,0.0032549,KNOWN,TRUE,TRUE,TRUE,,
196,1183,1.49E-13,LIFR,0.0001538,0.99985,NEW,FALSE,TRUE,FALSE,,
197,1834,1.73E-13,RASSF4,0.98479,0.015214,NEW,TRUE,FALSE,FALSE,,
198,2503,1.83E-13,ZNF596,0.98426,0.015744,NEW,TRUE,FALSE,FALSE,,
199,2162,1.86E-13,TBC1D1,0.00011188,0.99989,NEW,TRUE,FALSE,FALSE,,
200,2141,2.17E-13,SUSD1,0.16856,0.83144,NEW,TRUE,FALSE,FALSE,,
201,2229,2.48E-13,TLR5,0.96406,0.035935,KNOWN,FALSE,TRUE,FALSE,,
202,679,2.73E-13,ERCC5,0.0076245,0.99238,KNOWN,FALSE,TRUE,FALSE,,
203,533,3.20E-13,DHX58,0.73278,0.26722,KNOWN,TRUE,FALSE,FALSE,,
204,696,3.41E-13,EXOC4,0.0055654,0.99443,KNOWN,TRUE,FALSE,FALSE,,
205,589,3.59E-13,DYM,0.099221,0.90078,NEW,TRUE,FALSE,FALSE,,
206,334,4.10E-13,CDC25C,0.90901,0.090986,KNOWN,TRUE,TRUE,TRUE,,
207,1169,4.28E-13,LAPTM4B,0.99299,0.0070134,NEW,TRUE,FALSE,FALSE,,
208,1763,4.35E-13,PTK6,0.95024,0.04976,KNOWN,TRUE,TRUE,TRUE,,
209,530,6.02E-13,DGKG,0.011994,0.98801,KNOWN,TRUE,FALSE,FALSE,,
210,1077,6.08E-13,ITGA8,2.04E-05,0.99998,KNOWN,TRUE,FALSE,FALSE,,
211,751,7.19E-13,FGFR4,0.042523,0.95748,NEW,TRUE,TRUE,TRUE,,
212,1540,7.28E-13,PARD3B,0.00038423,0.99962,NEW,TRUE,FALSE,FALSE,,
213,1417,8.72E-13,NEDD4,2.46E-06,1,KNOWN,FALSE,TRUE,FALSE,,
214,2455,9.47E-13,ZNF181,0.95899,0.041011,NEW,TRUE,FALSE,FALSE,,
215,905,1.01E-12,GTDC1,0.91919,0.080811,NEW,TRUE,FALSE,FALSE,,
216,73,1.13E-12,AMPD3,0.095375,0.90463,NEW,TRUE,FALSE,FALSE,,
217,721,1.20E-12,FAT1,2.49E-18,1,NEW,TRUE,FALSE,FALSE,,
218,2322,1.23E-12,TUBGCP5,3.68E-05,0.99996,NEW,TRUE,FALSE,FALSE,,
219,2076,1.53E-12,SORBS1,2.21E-07,1,KNOWN,TRUE,TRUE,TRUE,,
220,2287,1.67E-12,TRAF5,0.65001,0.34999,KNOWN,FALSE,TRUE,FALSE,,
221,1842,1.72E-12,RBM19,0.00055194,0.99945,NEW,TRUE,FALSE,FALSE,,
222,2035,1.79E-12,SLX4IP,0.9689,0.031101,NEW,TRUE,FALSE,FALSE,,
223,790,1.81E-12,FRK,0.63687,0.36313,NEW,FALSE,TRUE,FALSE,,
224,2467,1.83E-12,ZNF251,0.94002,0.059977,NEW,TRUE,FALSE,FALSE,,
225,1367,1.94E-12,MTHFD1L,0.00046656,0.99953,NEW,TRUE,FALSE,FALSE,,
226,1347,1.95E-12,MPG,0.98294,0.017058,KNOWN,FALSE,TRUE,FALSE,,
227,1325,2.18E-12,MICAL2,7.98E-05,0.99992,NEW,TRUE,FALSE,FALSE,,
228,1694,2.21E-12,PPP1R15A,0.8747,0.1253,NEW,TRUE,FALSE,FALSE,,
229,2521,2.35E-12,ZNF786,0.76282,0.23718,NEW,TRUE,FALSE,FALSE,,
230,1841,2.93E-12,RBL1,0.0002569,0.99974,KNOWN,FALSE,TRUE,FALSE,,
231,1839,3.08E-12,RBBP8,0.0011834,0.99882,KNOWN,TRUE,TRUE,TRUE,,
232,25,3.12E-12,ADAMTSL1,6.60E-10,1,NEW,TRUE,FALSE,FALSE,,
233,69,3.40E-12,AMH,0.98768,0.012321,KNOWN,TRUE,TRUE,TRUE,,
234,527,3.72E-12,DEPTOR,0.95242,0.047583,NEW,FALSE,TRUE,FALSE,,
235,1512,3.93E-12,OGG1,0.90721,0.092788,NEW,TRUE,FALSE,FALSE,,
236,258,4.12E-12,CAST,0.0038178,0.99618,NEW,TRUE,FALSE,FALSE,,
237,2498,5.02E-12,ZNF546,0.20203,0.79797,NEW,TRUE,FALSE,FALSE,,
238,1743,5.36E-12,PRODH,0.64136,0.35864,NEW,TRUE,FALSE,FALSE,,
239,2409,6.82E-12,XAF1,0.98148,0.018524,KNOWN,TRUE,FALSE,FALSE,,
240,148,7.38E-12,ATG7,0.13978,0.86022,KNOWN,FALSE,TRUE,FALSE,,
241,733,7.61E-12,FCER2,0.92824,0.071756,KNOWN,TRUE,TRUE,TRUE,,
242,1495,7.64E-12,NSMAF,6.50E-05,0.99993,NEW,TRUE,FALSE,FALSE,,
243,2260,8.22E-12,TNK2,0.0069494,0.99305,KNOWN,FALSE,TRUE,FALSE,,
244,2078,8.23E-12,SORBS3,0.0069404,0.99306,NEW,FALSE,TRUE,FALSE,,
245,1646,8.35E-12,PLEC,1.05E-23,1,NEW,TRUE,FALSE,FALSE,,
246,1386,9.17E-12,MYLK,6.95E-10,1,NEW,TRUE,TRUE,TRUE,,
247,2453,9.60E-12,ZNF169,0.91811,0.081894,NEW,TRUE,FALSE,FALSE,,
248,869,1.02E-11,GPATCH2,0.52002,0.47998,NEW,TRUE,FALSE,FALSE,,
249,1156,1.10E-11,KRT17,0.91161,0.088393,NEW,TRUE,FALSE,FALSE,,
250,41,1.14E-11,AFP,0.086727,0.91327,NEW,TRUE,FALSE,FALSE,,
251,1591,1.26E-11,PGS1,0.68404,0.31596,NEW,TRUE,FALSE,FALSE,,
252,1786,1.29E-11,PTPRJ,6.22E-06,0.99999,NEW,TRUE,TRUE,TRUE,,
253,526,1.30E-11,DENND3,3.03E-05,0.99997,NEW,TRUE,FALSE,FALSE,,
254,225,1.38E-11,BTN2A2,0.81381,0.18619,NEW,TRUE,FALSE,FALSE,,
255,1253,1.54E-11,MAP4K2,0.00011723,0.99988,KNOWN,FALSE,TRUE,FALSE,,
256,195,1.56E-11,BID,0.99182,0.0081772,KNOWN,TRUE,TRUE,TRUE,,
257,2390,1.57E-11,VRK2,0.42794,0.57206,NEW,TRUE,FALSE,FALSE,,
258,31,1.71E-11,ADH1A,0.9683,0.031702,NEW,TRUE,FALSE,FALSE,,
259,1006,1.78E-11,IFI16,0.40022,0.59978,KNOWN,TRUE,TRUE,TRUE,,
260,2014,2.05E-11,SLC12A4,7.78E-05,0.99992,NEW,TRUE,FALSE,FALSE,,
261,1329,2.08E-11,MIPOL1,0.59736,0.40264,NEW,TRUE,FALSE,FALSE,,
262,1683,2.23E-11,PPM1D,0.58453,0.41547,KNOWN,TRUE,TRUE,TRUE,,
263,1316,2.66E-11,MERTK,0.0013056,0.99869,KNOWN,FALSE,TRUE,FALSE,,
264,1509,2.76E-11,OASL,0.95819,0.041808,NEW,TRUE,FALSE,FALSE,,
265,2218,3.24E-11,TJP2,8.19E-06,0.99999,KNOWN,TRUE,TRUE,TRUE,,
266,1080,3.31E-11,ITGAM,7.91E-06,0.99999,KNOWN,TRUE,TRUE,TRUE,,
267,861,3.33E-11,GNB3,0.91177,0.088231,NEW,FALSE,TRUE,FALSE,,
268,2411,3.69E-11,XPC,0.0040103,0.99599,KNOWN,TRUE,FALSE,FALSE,,
269,901,3.89E-11,GSN,0.017735,0.98226,KNOWN,TRUE,TRUE,TRUE,,
270,217,4.21E-11,BST1,0.89927,0.10073,NEW,TRUE,FALSE,FALSE,,
271,1,4.52E-11,A2M,8.49E-09,1,KNOWN,TRUE,FALSE,FALSE,,
272,139,5.04E-11,ARVCF,0.012385,0.98762,NEW,FALSE,TRUE,FALSE,,
273,1945,5.04E-11,SAMSN1,0.7948,0.2052,NEW,TRUE,FALSE,FALSE,,
274,1318,5.55E-11,METTL8,0.88239,0.11761,NEW,TRUE,FALSE,FALSE,,
275,386,5.63E-11,CHAT,0.047768,0.95223,NEW,TRUE,FALSE,FALSE,,
276,1642,5.68E-11,PLCE1,8.51E-14,1,NEW,FALSE,TRUE,FALSE,,
277,494,5.80E-11,CYP3A4,0.61384,0.38616,NEW,TRUE,FALSE,FALSE,,
278,469,5.88E-11,CTSB,0.87849,0.12151,KNOWN,TRUE,FALSE,FALSE,,
279,2273,5.95E-11,TP53I3,0.96574,0.034257,NEW,TRUE,FALSE,FALSE,,
280,88,6.27E-11,AOC3,0.36833,0.63167,NEW,FALSE,TRUE,FALSE,,
281,1072,6.28E-11,ITGA2,6.39E-07,1,KNOWN,FALSE,TRUE,FALSE,,
282,1261,6.72E-11,MAPK13,0.58655,0.41345,NEW,TRUE,TRUE,TRUE,,
283,1296,6.95E-11,MCM3,0.0016223,0.99838,KNOWN,TRUE,FALSE,FALSE,,
284,1516,7.89E-11,OPRM1,0.857,0.143,KNOWN,TRUE,FALSE,FALSE,,
285,1380,8.01E-11,MYBPC3,4.51E-07,1,KNOWN,TRUE,FALSE,FALSE,,
286,874,8.13E-11,GPD2,0.02953,0.97047,NEW,TRUE,FALSE,FALSE,,
287,1610,8.42E-11,PIK3C3,5.07E-05,0.99995,KNOWN,FALSE,TRUE,FALSE,,
288,2178,9.16E-11,TDGF1,0.98799,0.012007,NEW,FALSE,TRUE,FALSE,,
289,2462,9.25E-11,ZNF227,0.10078,0.89922,NEW,TRUE,FALSE,FALSE,,
290,1210,9.61E-11,LTB,0.98765,0.012347,KNOWN,FALSE,TRUE,FALSE,,
291,1395,1.07E-10,MZF1,0.49404,0.50596,NEW,TRUE,TRUE,TRUE,,
292,227,1.10E-10,BTN3A2,0.90756,0.092439,NEW,TRUE,FALSE,FALSE,,
293,1030,1.24E-10,IL16,0.00014274,0.99986,NEW,TRUE,TRUE,TRUE,,
294,2391,1.50E-10,VTN,0.42064,0.57936,KNOWN,FALSE,TRUE,FALSE,,
295,513,1.60E-10,DCP1B,0.40636,0.59364,NEW,TRUE,FALSE,FALSE,,
296,260,1.63E-10,CAT,0.40316,0.59684,NEW,FALSE,TRUE,FALSE,,
297,419,1.74E-10,COL18A1,6.05E-09,1,KNOWN,TRUE,TRUE,TRUE,,
298,1800,1.75E-10,RABGGTA,0.010303,0.9897,NEW,TRUE,FALSE,FALSE,,
299,662,1.83E-10,EPHA8,0.00040416,0.9996,NEW,FALSE,TRUE,FALSE,,
300,1621,1.87E-10,PINK1,0.60273,0.39727,KNOWN,FALSE,TRUE,FALSE,,
301,1827,1.91E-10,RASA3,0.00038089,0.99962,KNOWN,TRUE,FALSE,FALSE,,
302,2282,1.94E-10,TPRG1,0.96438,0.035617,NEW,TRUE,FALSE,FALSE,,
303,328,1.98E-10,CD93,0.7653,0.2347,KNOWN,FALSE,TRUE,FALSE,,
304,37,2.01E-10,AEN,0.98098,0.019022,NEW,TRUE,FALSE,FALSE,,
305,77,2.09E-10,ANKFN1,0.00165,0.99835,NEW,TRUE,FALSE,FALSE,,
306,319,2.31E-10,CD5,0.32695,0.67305,KNOWN,TRUE,FALSE,FALSE,,
307,1215,2.35E-10,LUZP2,0.74343,0.25657,NEW,TRUE,FALSE,FALSE,,
308,1972,2.51E-10,SERPIND1,0.92144,0.078559,KNOWN,TRUE,TRUE,TRUE,,
309,70,2.70E-10,AMHR2,0.10549,0.89451,KNOWN,FALSE,TRUE,FALSE,,
310,2303,2.72E-10,TRPM6,4.43E-14,1,NEW,FALSE,TRUE,FALSE,,
311,567,2.80E-10,DTNB,0.0053211,0.99468,NEW,TRUE,FALSE,FALSE,,
312,569,2.81E-10,DTWD1,0.95577,0.044227,NEW,TRUE,FALSE,FALSE,,
313,945,2.98E-10,HLA-DOA,0.97606,0.023937,NEW,TRUE,FALSE,FALSE,,
314,1151,3.21E-10,KNG1,0.086728,0.91327,KNOWN,FALSE,TRUE,FALSE,,
315,1368,3.21E-10,MTHFR,0.086736,0.91326,NEW,TRUE,FALSE,FALSE,,
316,2465,3.38E-10,ZNF235,0.24786,0.75214,NEW,TRUE,FALSE,FALSE,,
317,112,3.95E-10,ARHGAP24,0.015621,0.98438,NEW,TRUE,FALSE,FALSE,,
318,2520,4.22E-10,ZNF782,0.43816,0.56184,NEW,TRUE,FALSE,FALSE,,
319,1879,4.28E-10,RIN3,0.061208,0.93879,NEW,TRUE,FALSE,FALSE,,
320,299,4.31E-10,CCR5,0.9845,0.015501,KNOWN,TRUE,TRUE,TRUE,,
321,503,5.01E-10,DAPK2,0.78697,0.21303,NEW,FALSE,TRUE,FALSE,,
322,948,5.33E-10,HLA-DPB1,0.93613,0.063875,KNOWN,TRUE,FALSE,FALSE,,
323,2469,5.46E-10,ZNF263,0.16199,0.83801,NEW,TRUE,FALSE,FALSE,,
324,247,5.86E-10,CAPN1,0.00037724,0.99962,KNOWN,FALSE,TRUE,FALSE,,
325,764,6.05E-10,FLNB,1.41E-14,1,NEW,TRUE,FALSE,FALSE,,
326,1885,6.35E-10,RNF144B,0.75862,0.24138,NEW,TRUE,FALSE,FALSE,,
327,138,6.37E-10,ARSG,0.58213,0.41787,NEW,TRUE,FALSE,FALSE,,
328,1947,6.38E-10,SBF2,1.57E-12,1,NEW,TRUE,FALSE,FALSE,,
329,230,7.00E-10,BUB1B,4.90E-07,1,KNOWN,FALSE,TRUE,FALSE,,
330,1715,7.70E-10,PRDX1,0.97824,0.021761,KNOWN,FALSE,TRUE,FALSE,,
331,1960,7.91E-10,SELE,0.02766,0.97234,KNOWN,TRUE,TRUE,TRUE,,
332,1333,8.05E-10,MKNK1,0.29789,0.70211,KNOWN,FALSE,TRUE,FALSE,,
333,1044,8.29E-10,IL33,0.95658,0.043419,NEW,FALSE,TRUE,FALSE,,
334,2330,8.33E-10,TYRO3,0.001121,0.99888,KNOWN,FALSE,TRUE,FALSE,,
335,1374,9.43E-10,MUC2,3.04E-16,1,NEW,TRUE,FALSE,FALSE,,
336,2489,1.00E-09,ZNF418,0.90844,0.091559,NEW,TRUE,FALSE,FALSE,,
337,758,1.08E-09,FILIP1L,0.00077775,0.99922,NEW,TRUE,FALSE,FALSE,,
338,501,1.11E-09,DAP3,0.46846,0.53154,KNOWN,TRUE,FALSE,FALSE,,
339,342,1.15E-09,CDC6,0.22618,0.77382,KNOWN,FALSE,TRUE,FALSE,,
340,1201,1.17E-09,LRIG3,2.84E-05,0.99997,NEW,TRUE,FALSE,FALSE,,
341,1470,1.19E-09,NQO1,0.89924,0.10076,NEW,TRUE,FALSE,FALSE,,
342,1197,1.27E-09,LPL,0.44009,0.55991,KNOWN,TRUE,TRUE,TRUE,,
343,2375,1.31E-09,VEGFB,0.97031,0.029694,KNOWN,TRUE,FALSE,FALSE,,
344,1773,1.50E-09,PTPN18,0.17859,0.82141,KNOWN,FALSE,TRUE,FALSE,,
345,2356,1.61E-09,USP4,1.79E-05,0.99998,KNOWN,FALSE,TRUE,FALSE,,
346,52,2.19E-09,AIM2,0.92404,0.075964,NEW,TRUE,FALSE,FALSE,,
347,1686,2.25E-09,PPM1J,0.31591,0.68409,KNOWN,TRUE,FALSE,FALSE,,
348,2299,2.57E-09,TRIM69,0.52621,0.47379,KNOWN,TRUE,FALSE,FALSE,,
349,1043,2.59E-09,IL3,0.97693,0.023067,KNOWN,FALSE,TRUE,FALSE,,
350,1132,2.68E-09,KIR2DL3,0.9149,0.0851,NEW,FALSE,TRUE,FALSE,,
351,1467,2.81E-09,NOXA1,0.26965,0.73035,NEW,FALSE,TRUE,FALSE,,
352,2137,2.82E-09,SUGCT,0.26891,0.73109,NEW,TRUE,FALSE,FALSE,,
353,15,2.89E-09,ACSL5,0.0009302,0.99907,NEW,TRUE,FALSE,FALSE,,
354,557,2.90E-09,DOCK5,3.62E-14,1,NEW,TRUE,FALSE,FALSE,,
355,1003,3.14E-09,IDO2,0.69069,0.30931,NEW,TRUE,FALSE,FALSE,,
356,2293,3.35E-09,TRIM21,0.47073,0.52927,KNOWN,TRUE,FALSE,FALSE,,
357,111,3.40E-09,ARHGAP22,0.073763,0.92624,NEW,TRUE,FALSE,FALSE,,
358,2226,3.48E-09,TLR10,0.22728,0.77272,NEW,FALSE,TRUE,FALSE,,
359,156,3.52E-09,ATR,3.81E-19,1,KNOWN,TRUE,TRUE,TRUE,,
360,1211,3.72E-09,LTBP1,1.51E-11,1,NEW,TRUE,FALSE,FALSE,,
361,1274,3.72E-09,MAPKAPK3,0.44845,0.55155,KNOWN,TRUE,FALSE,FALSE,,
362,1348,4.07E-09,MPL,0.0027955,0.9972,KNOWN,FALSE,TRUE,FALSE,,
363,1864,4.09E-09,RGS12,4.68E-06,1,NEW,TRUE,FALSE,FALSE,,
364,381,4.54E-09,CEP85L,0.00048708,0.99951,NEW,TRUE,FALSE,FALSE,,
365,2228,4.61E-09,TLR4,0.17681,0.82319,KNOWN,TRUE,TRUE,TRUE,,
366,229,4.88E-09,BUB1,3.64E-06,1,KNOWN,TRUE,TRUE,TRUE,,
367,1546,5.00E-09,PARP9,0.010111,0.98989,NEW,TRUE,FALSE,FALSE,,
368,2121,5.32E-09,STEAP3,0.77097,0.22903,KNOWN,TRUE,FALSE,FALSE,,
369,1359,5.60E-09,MS4A2,0.93126,0.068739,NEW,TRUE,FALSE,FALSE,,
370,235,5.83E-09,CACHD1,5.71E-07,1,NEW,TRUE,FALSE,FALSE,,
371,226,5.87E-09,BTN3A1,0.58294,0.41706,NEW,TRUE,FALSE,FALSE,,
372,622,6.04E-09,EIF2A,0.03573,0.96427,NEW,FALSE,TRUE,FALSE,,
373,1648,6.22E-09,PLEKHA7,2.13E-08,1,NEW,TRUE,FALSE,FALSE,,
374,1969,6.24E-09,SERPINA5,0.92693,0.073067,KNOWN,FALSE,TRUE,FALSE,,
375,888,6.60E-09,GREB1,3.27E-11,1,NEW,TRUE,FALSE,FALSE,,
376,1776,6.71E-09,PTPN3,4.66E-07,1,KNOWN,FALSE,TRUE,FALSE,,
377,2085,6.79E-09,SP140L,0.0065727,0.99343,NEW,TRUE,FALSE,FALSE,,
378,561,7.28E-09,DPP4,1.01E-05,0.99999,KNOWN,FALSE,TRUE,FALSE,,
379,1136,8.32E-09,KLF11,0.83975,0.16025,KNOWN,TRUE,FALSE,FALSE,,
380,2325,8.57E-09,TXK,0.0047211,0.99528,NEW,TRUE,TRUE,TRUE,,
381,1444,9.63E-09,NIN,6.46E-15,1,NEW,FALSE,TRUE,FALSE,,
382,599,1.12E-08,EARS2,0.21603,0.78397,NEW,TRUE,FALSE,FALSE,,
383,1838,1.14E-08,RBAK,0.065982,0.93402,NEW,TRUE,FALSE,FALSE,,
384,832,1.18E-08,GEM,0.65711,0.34289,NEW,FALSE,TRUE,FALSE,,
385,87,1.19E-08,ANXA4,0.20619,0.79381,KNOWN,TRUE,FALSE,FALSE,,
386,2475,1.21E-08,ZNF311,0.061237,0.93876,NEW,TRUE,FALSE,FALSE,,
387,472,1.25E-08,CTSH,0.19649,0.80351,NEW,TRUE,FALSE,FALSE,,
388,1193,1.26E-08,LMBR1,0.013184,0.98682,NEW,TRUE,FALSE,FALSE,,
389,325,1.27E-08,CD82,0.64422,0.35578,NEW,TRUE,TRUE,TRUE,,
390,110,1.37E-08,ARHGAP15,0.052122,0.94788,NEW,TRUE,FALSE,FALSE,,
391,2164,1.44E-08,TBC1D2B,0.00045938,0.99954,NEW,TRUE,FALSE,FALSE,,
392,1806,1.58E-08,RAD18,0.15787,0.84213,KNOWN,FALSE,TRUE,FALSE,,
393,1598,1.67E-08,PHLDB2,3.06E-06,1,NEW,TRUE,FALSE,FALSE,,
394,13,1.75E-08,ACP1,0.93017,0.06983,KNOWN,TRUE,TRUE,TRUE,,
395,612,1.82E-08,EFS,0.57918,0.42082,KNOWN,FALSE,TRUE,FALSE,,
396,1544,1.82E-08,PARP10,0.0016131,0.99839,NEW,TRUE,FALSE,FALSE,,
397,2346,1.88E-08,ULK2,2.60E-06,1,KNOWN,FALSE,TRUE,FALSE,,
398,1300,2.27E-08,MDC1,8.10E-08,1,NEW,FALSE,TRUE,FALSE,,
399,2007,2.33E-08,SIRT2,0.1048,0.8952,KNOWN,FALSE,TRUE,FALSE,,
400,2117,2.35E-08,STARD13,4.59E-05,0.99995,NEW,TRUE,FALSE,FALSE,,
401,1157,2.36E-08,KRT8,0.28952,0.71048,KNOWN,TRUE,FALSE,FALSE,,
402,353,2.50E-08,CDK14,0.09672,0.90328,NEW,TRUE,FALSE,FALSE,,
403,164,2.71E-08,B3GAT3,0.70147,0.29853,NEW,TRUE,FALSE,FALSE,,
404,692,2.87E-08,ETV4,0.019622,0.98038,KNOWN,TRUE,FALSE,FALSE,,
405,1951,2.98E-08,SCARA3,0.24217,0.75782,NEW,FALSE,TRUE,FALSE,,
406,2246,3.00E-08,TNFRSF10D,0.47814,0.52186,KNOWN,TRUE,FALSE,FALSE,,
407,252,3.05E-08,CASP4,0.47481,0.52519,KNOWN,TRUE,FALSE,FALSE,,
408,389,3.14E-08,CHEK1,0.074104,0.9259,KNOWN,TRUE,TRUE,TRUE,,
409,2350,3.20E-08,UQCC1,0.22865,0.77135,NEW,TRUE,FALSE,FALSE,,
410,927,3.25E-08,HHAT,0.016558,0.98344,NEW,TRUE,FALSE,FALSE,,
411,269,3.30E-08,CCDC88C,3.24E-12,1,NEW,TRUE,FALSE,FALSE,,
412,2022,3.43E-08,SLC2A2,0.066487,0.93351,NEW,TRUE,FALSE,FALSE,,
413,1720,3.53E-08,PRKAA2,0.064311,0.93569,NEW,TRUE,TRUE,TRUE,,
414,1970,3.55E-08,SERPINB1,0.80758,0.19242,NEW,TRUE,FALSE,FALSE,,
415,179,3.80E-08,BCAT1,0.19698,0.80302,NEW,TRUE,FALSE,FALSE,,
416,687,4.45E-08,ESR2,0.17,0.83,KNOWN,TRUE,TRUE,TRUE,,
417,2530,4.45E-08,ZPLD1,0.17013,0.82987,NEW,TRUE,FALSE,FALSE,,
418,1649,4.68E-08,PLEKHG3,8.45E-05,0.99992,NEW,TRUE,FALSE,FALSE,,
419,511,4.79E-08,DCDC1,0.60672,0.39328,NEW,TRUE,FALSE,FALSE,,
420,45,4.97E-08,AGT,0.76986,0.23014,KNOWN,TRUE,TRUE,TRUE,,
421,2388,5.11E-08,VPS8,8.56E-12,1,NEW,TRUE,FALSE,FALSE,,
422,1455,5.28E-08,NNMT,0.93058,0.069415,NEW,TRUE,FALSE,FALSE,,
423,2184,5.36E-08,TEC,0.00034358,0.99966,KNOWN,TRUE,TRUE,TRUE,,
424,843,5.60E-08,GLIS3,0.0015896,0.99841,NEW,TRUE,FALSE,FALSE,,
425,2202,5.97E-08,TGFBI,0.007069,0.99293,KNOWN,TRUE,FALSE,FALSE,,
426,862,6.36E-08,GNB5,0.11805,0.88195,NEW,FALSE,TRUE,FALSE,,
427,476,6.63E-08,CUEDC1,0.3062,0.6938,NEW,TRUE,FALSE,FALSE,,
428,1376,6.76E-08,MVP,0.0012144,0.99879,NEW,TRUE,FALSE,FALSE,,
429,801,8.36E-08,FTO,0.020803,0.9792,NEW,TRUE,FALSE,FALSE,,
430,2495,8.49E-08,ZNF510,0.085263,0.91474,NEW,TRUE,FALSE,FALSE,,
431,878,8.53E-08,GPR141,0.95175,0.048246,NEW,TRUE,FALSE,FALSE,,
432,1071,8.66E-08,ITGA11,2.89E-07,1,KNOWN,FALSE,TRUE,FALSE,,
433,1398,8.73E-08,NAALADL2,0.00084141,0.99916,NEW,TRUE,FALSE,FALSE,,
434,1450,9.42E-08,NLRC5,3.56E-12,1,NEW,TRUE,FALSE,FALSE,,
435,329,9.64E-08,CDC14A,0.0035833,0.99642,NEW,TRUE,FALSE,FALSE,,
436,1086,9.89E-08,ITGB5,0.0007035,0.9993,NEW,FALSE,TRUE,FALSE,,
437,676,1.06E-07,ERC1,2.17E-07,1,KNOWN,TRUE,FALSE,FALSE,,
438,7,1.07E-07,ABCC4,1.78E-09,1,NEW,TRUE,FALSE,FALSE,,
439,2463,1.08E-07,ZNF23,0.20866,0.79134,NEW,TRUE,FALSE,FALSE,,
440,2500,1.08E-07,ZNF567,0.20851,0.79149,NEW,TRUE,FALSE,FALSE,,
441,1322,1.18E-07,MGMT,0.8907,0.1093,KNOWN,TRUE,FALSE,FALSE,,
442,85,1.20E-07,ANXA1,0.19027,0.80973,KNOWN,TRUE,TRUE,TRUE,,
443,1326,1.20E-07,MICALL1,0.0026316,0.99737,NEW,TRUE,FALSE,FALSE,,
444,2161,1.21E-07,TAX1BP1,0.00010722,0.99989,KNOWN,FALSE,TRUE,FALSE,,
445,2239,1.26E-07,TNC,2.35E-12,1,NEW,TRUE,TRUE,TRUE,,
446,2454,1.27E-07,ZNF175,0.052136,0.94786,NEW,TRUE,FALSE,FALSE,,
447,657,1.28E-07,EPCAM,0.40427,0.59573,NEW,TRUE,FALSE,FALSE,,
448,98,1.35E-07,APOBEC3F,0.17103,0.82897,NEW,TRUE,FALSE,FALSE,,
449,2387,1.40E-07,VPS53,1.75E-05,0.99998,NEW,TRUE,FALSE,FALSE,,
450,2054,1.44E-07,SMYD3,0.044255,0.95574,NEW,TRUE,FALSE,FALSE,,
451,1168,1.47E-07,LAP3,0.043327,0.95667,NEW,TRUE,FALSE,FALSE,,
452,216,1.56E-07,BRD8,2.52E-08,1,KNOWN,TRUE,FALSE,FALSE,,
453,678,1.59E-07,ERCC1,0.59003,0.40997,KNOWN,TRUE,FALSE,FALSE,,
454,137,1.71E-07,ARRDC4,0.34223,0.65777,NEW,TRUE,FALSE,FALSE,,
455,2010,1.82E-07,SKAP1,0.03269,0.96731,KNOWN,TRUE,TRUE,TRUE,,
456,1076,1.90E-07,ITGA6,9.35E-08,1,KNOWN,FALSE,TRUE,FALSE,,
457,95,1.92E-07,APEX1,0.55414,0.44586,KNOWN,TRUE,TRUE,TRUE,,
458,493,1.92E-07,CYP27B1,0.11913,0.88087,NEW,TRUE,FALSE,FALSE,,
459,2504,2.13E-07,ZNF599,0.10636,0.89364,NEW,TRUE,FALSE,FALSE,,
460,1528,2.43E-07,PACRG,0.50636,0.49364,NEW,TRUE,FALSE,FALSE,,
461,697,2.44E-07,EXOC6,7.91E-06,0.99999,NEW,TRUE,FALSE,FALSE,,
462,316,2.45E-07,CD44,0.00019177,0.99981,KNOWN,TRUE,TRUE,TRUE,,
463,1795,2.51E-07,PXDN,6.27E-08,1,NEW,TRUE,FALSE,FALSE,,
464,1293,2.72E-07,MCF2L,1.13E-08,1,KNOWN,TRUE,FALSE,FALSE,,
465,990,2.78E-07,HSPB1,0.90518,0.09482,KNOWN,TRUE,TRUE,TRUE,,
466,393,2.99E-07,CHMP4C,0.67421,0.32579,NEW,TRUE,FALSE,FALSE,,
467,331,3.00E-07,CDC20,0.016599,0.9834,KNOWN,FALSE,TRUE,FALSE,,
468,829,3.01E-07,GDF15,0.90076,0.09924,NEW,TRUE,TRUE,TRUE,,
469,2148,3.22E-07,TAB1,0.065495,0.9345,KNOWN,FALSE,TRUE,FALSE,,
470,440,3.31E-07,CRLF2,0.65767,0.34233,NEW,FALSE,TRUE,FALSE,,
471,1518,3.33E-07,OSBPL10,0.00060967,0.99939,NEW,TRUE,FALSE,FALSE,,
472,1877,3.51E-07,RIN1,0.058935,0.94106,NEW,FALSE,TRUE,FALSE,,
473,1073,3.55E-07,ITGA3,1.88E-07,1,NEW,FALSE,TRUE,FALSE,,
474,484,3.61E-07,CXCL2,0.94168,0.058323,NEW,TRUE,FALSE,FALSE,,
475,2499,3.62E-07,ZNF550,0.89003,0.10997,NEW,TRUE,FALSE,FALSE,,
476,10,3.64E-07,ABL2,4.45E-06,1,KNOWN,TRUE,FALSE,FALSE,,
477,956,3.64E-07,HLA-DRB5,0.8897,0.1103,NEW,TRUE,FALSE,FALSE,,
478,2436,3.85E-07,ZFP30,0.052416,0.94758,NEW,TRUE,FALSE,FALSE,,
479,1977,4.19E-07,SESN2,0.047018,0.95298,NEW,TRUE,FALSE,FALSE,,
480,1008,4.28E-07,IFI35,0.61295,0.38705,NEW,TRUE,FALSE,FALSE,,
481,2049,4.28E-07,SMO,0.00042499,0.99957,NEW,FALSE,TRUE,FALSE,,
482,2276,4.44E-07,TP53TG5,0.60623,0.39377,NEW,TRUE,FALSE,FALSE,,
483,362,4.47E-07,CDK7,0.15701,0.84299,KNOWN,TRUE,TRUE,TRUE,,
484,2210,4.81E-07,THSD4,2.98E-06,1,NEW,TRUE,FALSE,FALSE,,
485,1833,5.06E-07,RASSF2,0.13848,0.86152,NEW,TRUE,FALSE,FALSE,,
486,932,5.45E-07,HIST1H2AM,0.96109,0.038907,NEW,FALSE,TRUE,FALSE,,
487,109,5.51E-07,ARHGAP12,1.21E-05,0.99999,NEW,FALSE,TRUE,FALSE,,
488,1191,5.53E-07,LIPA,0.12626,0.87374,NEW,TRUE,FALSE,FALSE,,
489,844,5.67E-07,GLRX,0.92441,0.07559,KNOWN,FALSE,TRUE,FALSE,,
490,2528,5.67E-07,ZNF879,0.1231,0.8769,NEW,TRUE,FALSE,FALSE,,
491,312,5.69E-07,CD33,0.55929,0.44071,NEW,TRUE,FALSE,FALSE,,
492,1260,5.87E-07,MAPK12,0.11841,0.88159,KNOWN,FALSE,TRUE,FALSE,,
493,608,5.92E-07,EFCAB2,0.73768,0.26232,NEW,TRUE,FALSE,FALSE,,
494,2126,6.20E-07,STK3,0.028085,0.97191,KNOWN,FALSE,TRUE,FALSE,,
495,1120,6.52E-07,KDM4C,3.89E-07,1,NEW,TRUE,FALSE,FALSE,,
496,207,6.59E-07,BMPER,0.00022867,0.99977,NEW,TRUE,FALSE,FALSE,,
497,2451,6.62E-07,ZNF155,0.91748,0.08252,NEW,TRUE,FALSE,FALSE,,
498,1735,6.65E-07,PRKD1,4.57E-05,0.99995,KNOWN,TRUE,TRUE,TRUE,,
499,1287,6.70E-07,MAVS,0.52641,0.47359,NEW,TRUE,TRUE,TRUE,,
500,1461,6.72E-07,NOS3,1.52E-08,1,KNOWN,TRUE,TRUE,TRUE,,
501,603,6.83E-07,EDEM2,0.0052416,0.99476,NEW,TRUE,FALSE,FALSE,,
502,623,7.01E-07,EIF2AK1,0.0010307,0.99897,NEW,TRUE,FALSE,FALSE,,
503,1370,7.23E-07,MTNR1A,0.83854,0.16146,KNOWN,FALSE,TRUE,FALSE,,
504,1538,7.40E-07,PANK2,0.091398,0.9086,NEW,TRUE,FALSE,FALSE,,
505,1606,8.10E-07,PIEZO2,1.87E-20,1,NEW,TRUE,FALSE,FALSE,,
506,1986,8.27E-07,SH2D2A,0.24525,0.75475,KNOWN,FALSE,TRUE,FALSE,,
507,2344,8.28E-07,UIMC1,0.00016468,0.99983,KNOWN,FALSE,TRUE,FALSE,,
508,1992,8.43E-07,SHANK2,9.13E-11,1,KNOWN,TRUE,FALSE,FALSE,,
509,575,8.49E-07,DUSP11,0.24005,0.75995,NEW,TRUE,FALSE,FALSE,,
510,1510,8.56E-07,OCLN,0.077101,0.9229,KNOWN,FALSE,TRUE,FALSE,,
511,1981,8.56E-07,SGK3,0.0038003,0.9962,KNOWN,FALSE,TRUE,FALSE,,
512,531,8.72E-07,DHRS2,0.68099,0.31901,NEW,TRUE,FALSE,FALSE,,
513,1667,8.73E-07,POLA2,0.00015255,0.99985,KNOWN,FALSE,TRUE,FALSE,,
514,1788,8.74E-07,PTPRR,0.00075199,0.99925,NEW,TRUE,FALSE,FALSE,,
515,1471,8.76E-07,NQO2,0.68037,0.31963,NEW,TRUE,FALSE,FALSE,,
516,28,9.48E-07,ADCY7,1.12E-06,1,NEW,TRUE,FALSE,FALSE,,
517,2311,9.63E-07,TSNARE1,0.015423,0.98458,NEW,TRUE,FALSE,FALSE,,
518,520,9.75E-07,DDX50,2.64E-05,0.99997,NEW,TRUE,FALSE,FALSE,,
519,2227,1.02E-06,TLR2,0.062658,0.93734,KNOWN,TRUE,TRUE,TRUE,,
520,1593,1.04E-06,PHACTR2,0.00058797,0.99941,NEW,TRUE,FALSE,FALSE,,
521,2385,1.07E-06,VPS13D,4.85E-31,1,NEW,TRUE,FALSE,FALSE,,
522,1659,1.08E-06,PLXNA2,2.63E-12,1,NEW,TRUE,FALSE,FALSE,,
523,16,1.14E-06,ACTA1,0.41379,0.5862,KNOWN,FALSE,TRUE,FALSE,,
524,740,1.15E-06,FDXR,0.01206,0.98794,NEW,TRUE,FALSE,FALSE,,
525,1420,1.15E-06,NEK2,0.01203,0.98797,KNOWN,FALSE,TRUE,FALSE,,
526,2449,1.17E-06,ZNF140,0.79092,0.20908,NEW,TRUE,FALSE,FALSE,,
527,982,1.19E-06,HS1BP3,0.40462,0.59537,NEW,TRUE,FALSE,FALSE,,
528,1656,1.19E-06,PLSCR2,0.4048,0.5952,NEW,TRUE,FALSE,FALSE,,
529,65,1.21E-06,ALOX5,9.60E-05,0.9999,NEW,TRUE,FALSE,FALSE,,
530,998,1.21E-06,ICAM4,0.78716,0.21284,NEW,TRUE,FALSE,FALSE,,
531,1600,1.21E-06,PHLPP2,1.60E-07,1,NEW,TRUE,FALSE,FALSE,,
532,1551,1.22E-06,PBK,0.39889,0.60111,NEW,FALSE,TRUE,FALSE,,
533,887,1.36E-06,GRB7,0.0019554,0.99804,NEW,FALSE,TRUE,FALSE,,
534,800,1.40E-06,FSTL5,7.72E-05,0.99992,NEW,TRUE,FALSE,FALSE,,
535,321,1.41E-06,CD68,0.36757,0.63243,NEW,TRUE,FALSE,FALSE,,
536,1613,1.41E-06,PIK3CG,1.56E-05,0.99998,KNOWN,FALSE,TRUE,FALSE,,
537,1282,1.43E-06,MARK3,7.54E-05,0.99992,KNOWN,TRUE,TRUE,TRUE,,
538,833,1.46E-06,GFAP,0.14634,0.85366,NEW,TRUE,FALSE,FALSE,,
539,2181,1.52E-06,TEAD2,0.0081311,0.99187,NEW,FALSE,TRUE,FALSE,,
540,649,1.53E-06,ENOX2,0.03704,0.96296,NEW,TRUE,FALSE,FALSE,,
541,1526,1.53E-06,P2RY6,0.8678,0.1322,NEW,TRUE,TRUE,TRUE,,
542,377,1.54E-06,CEL,0.03687,0.96313,KNOWN,TRUE,FALSE,FALSE,,
543,1519,1.59E-06,OSBPL3,5.37E-07,1,NEW,TRUE,FALSE,FALSE,,
544,2328,1.61E-06,TXNRD1,0.0015484,0.99845,KNOWN,TRUE,FALSE,FALSE,,
545,2026,1.66E-06,SLC45A2,0.12786,0.87214,NEW,TRUE,FALSE,FALSE,,
546,2206,1.69E-06,TH,0.007032,0.99297,NEW,TRUE,FALSE,FALSE,,
547,902,1.73E-06,GSTA1,0.74305,0.25695,NEW,TRUE,FALSE,FALSE,,
548,2458,1.80E-06,ZNF200,0.31471,0.68529,NEW,TRUE,FALSE,FALSE,,
549,1653,1.85E-06,PLK3,0.0012646,0.99873,KNOWN,TRUE,TRUE,TRUE,,
550,981,1.86E-06,HRH1,0.30744,0.69256,NEW,FALSE,TRUE,FALSE,,
551,2479,1.88E-06,ZNF33B,0.0060303,0.99397,NEW,TRUE,FALSE,FALSE,,
552,1511,1.89E-06,OFCC1,0.30409,0.69591,NEW,TRUE,FALSE,FALSE,,
553,946,1.92E-06,HLA-DOB,0.53873,0.46127,NEW,TRUE,FALSE,FALSE,,
554,1356,1.92E-06,MRPS27,0.027427,0.97257,NEW,TRUE,FALSE,FALSE,,
555,903,1.94E-06,GSTK1,0.53688,0.46312,NEW,TRUE,FALSE,FALSE,,
556,1497,1.96E-06,NTRK1,0.00023674,0.99976,KNOWN,FALSE,TRUE,FALSE,,
557,735,2.01E-06,FCGR2A,0.5299,0.4701,NEW,FALSE,TRUE,FALSE,,
558,2096,2.15E-06,SPP1,0.71317,0.28683,KNOWN,FALSE,TRUE,FALSE,,
559,1871,2.19E-06,RHEBL1,0.51201,0.48799,KNOWN,FALSE,TRUE,FALSE,,
560,1888,2.26E-06,RNF216,1.60E-06,1,KNOWN,TRUE,FALSE,FALSE,,
561,1286,2.31E-06,MATK,0.0045099,0.99549,NEW,FALSE,TRUE,FALSE,,
562,1636,2.31E-06,PLAU,0.021429,0.97857,KNOWN,TRUE,TRUE,TRUE,,
563,1029,2.33E-06,IL15RA,0.7009,0.29909,KNOWN,TRUE,TRUE,TRUE,,
564,1088,2.37E-06,ITGB7,0.00018026,0.99982,NEW,TRUE,TRUE,TRUE,,
565,1861,2.42E-06,RFTN1,0.083895,0.9161,NEW,TRUE,FALSE,FALSE,,
566,947,2.50E-06,HLA-DPA1,0.69032,0.30968,NEW,TRUE,FALSE,FALSE,,
567,1203,2.53E-06,LRP1B,3.99E-37,1,NEW,TRUE,FALSE,FALSE,,
568,555,2.55E-06,DOCK10,5.23E-17,1,NEW,TRUE,FALSE,FALSE,,
569,2316,2.55E-06,TTC1,0.24268,0.75731,NEW,FALSE,TRUE,FALSE,,
570,534,2.57E-06,DIABLO,0.47811,0.52189,KNOWN,FALSE,TRUE,FALSE,,
571,1943,2.70E-06,SAA2,0.90254,0.097461,KNOWN,TRUE,FALSE,FALSE,,
572,1594,2.84E-06,PHACTR4,0.000686,0.99931,NEW,TRUE,FALSE,FALSE,,
573,1641,3.04E-06,PLCB4,7.14E-11,1,NEW,TRUE,FALSE,FALSE,,
574,2367,3.11E-06,VAV2,2.04E-07,1,KNOWN,TRUE,TRUE,TRUE,,
575,2245,3.16E-06,TNFRSF10C,0.80366,0.19634,KNOWN,TRUE,FALSE,FALSE,,
576,348,3.18E-06,CDH23,4.83E-06,0.99999,NEW,TRUE,FALSE,FALSE,,
577,64,3.23E-06,ALK,6.56E-11,1,KNOWN,FALSE,TRUE,FALSE,,
578,1002,3.30E-06,IDO1,0.19455,0.80544,KNOWN,TRUE,FALSE,FALSE,,
579,1158,3.46E-06,KRT80,0.054317,0.94568,NEW,TRUE,FALSE,FALSE,,
580,2323,3.46E-06,TUSC3,0.054384,0.94561,NEW,TRUE,FALSE,FALSE,,
581,1571,3.71E-06,PDK2,0.049794,0.9502,NEW,FALSE,TRUE,FALSE,,
582,586,3.73E-06,DVL1,0.0022774,0.99772,NEW,FALSE,TRUE,FALSE,,
583,1890,3.80E-06,RNLS,0.17086,0.82913,NEW,TRUE,FALSE,FALSE,,
584,270,3.81E-06,CCDC91,0.010706,0.98929,NEW,TRUE,FALSE,FALSE,,
585,1143,4.03E-06,KLHL6,0.0099068,0.99009,NEW,TRUE,FALSE,FALSE,,
586,1809,4.03E-06,RAD9A,0.16134,0.83865,KNOWN,TRUE,TRUE,TRUE,,
587,1453,4.05E-06,NME7,0.044569,0.95543,NEW,TRUE,FALSE,FALSE,,
588,1958,4.16E-06,SDK1,3.13E-15,1,NEW,TRUE,FALSE,FALSE,,
589,2457,4.31E-06,ZNF19,0.36594,0.63406,NEW,TRUE,FALSE,FALSE,,
590,2514,4.35E-06,ZNF713,0.14963,0.85037,NEW,TRUE,FALSE,FALSE,,
591,343,4.43E-06,CDC7,0.0086613,0.99133,KNOWN,TRUE,TRUE,TRUE,,
592,1145,4.43E-06,KLK3,0.59262,0.40737,KNOWN,TRUE,TRUE,TRUE,,
593,518,4.63E-06,DDR1,1.39E-05,0.99998,KNOWN,TRUE,TRUE,TRUE,,
594,1832,4.93E-06,RASSF1,0.33698,0.66301,KNOWN,TRUE,TRUE,TRUE,,
595,313,4.99E-06,CD34,0.12985,0.87015,KNOWN,TRUE,FALSE,FALSE,,
596,196,5.03E-06,BIK,0.86199,0.13801,NEW,FALSE,TRUE,FALSE,,
597,486,5.04E-06,CXCL5,0.86184,0.13815,NEW,TRUE,FALSE,FALSE,,
598,1784,5.07E-06,PTPRG,1.69E-10,0.99999,NEW,TRUE,FALSE,FALSE,,
599,1537,5.25E-06,PALLD,9.61E-08,0.99999,NEW,TRUE,FALSE,FALSE,,
600,571,5.27E-06,DTX3L,0.0067811,0.99321,NEW,TRUE,FALSE,FALSE,,
601,830,5.52E-06,GDF9,0.31243,0.68756,NEW,FALSE,TRUE,FALSE,,
602,2481,5.64E-06,ZNF354A,0.0061594,0.99384,KNOWN,TRUE,FALSE,FALSE,,
603,1846,5.92E-06,RBP1,0.72704,0.27296,NEW,FALSE,TRUE,FALSE,,
604,168,6.53E-06,BAG1,0.27741,0.72258,KNOWN,FALSE,TRUE,FALSE,,
605,602,6.76E-06,ECSIT,0.09281,0.90718,NEW,FALSE,TRUE,FALSE,,
606,568,6.84E-06,DTNBP1,0.091663,0.90833,KNOWN,TRUE,FALSE,FALSE,,
607,1998,6.84E-06,SIGLEC10,0.00019421,0.9998,NEW,TRUE,FALSE,FALSE,,
608,723,7.01E-06,FBLN2,3.14E-07,0.99999,NEW,TRUE,FALSE,FALSE,,
609,2519,7.13E-06,ZNF778,0.70028,0.29972,NEW,TRUE,FALSE,FALSE,,
610,1393,7.22E-06,MYRIP,7.36E-06,0.99999,NEW,TRUE,FALSE,FALSE,,
611,257,7.38E-06,CASP9,0.083837,0.91616,KNOWN,FALSE,TRUE,FALSE,,
612,170,7.40E-06,BAK1,0.48989,0.5101,KNOWN,TRUE,TRUE,TRUE,,
613,516,7.40E-06,DDB2,0.019936,0.98006,KNOWN,TRUE,TRUE,TRUE,,
614,688,7.79E-06,ESYT2,6.59E-06,0.99999,NEW,TRUE,FALSE,FALSE,,
615,2418,8.06E-06,YBX3,0.075503,0.92449,NEW,TRUE,FALSE,FALSE,,
616,1472,8.34E-06,NR0B2,0.67593,0.32406,KNOWN,FALSE,TRUE,FALSE,,
617,1954,8.61E-06,SCMH1,0.00068812,0.9993,NEW,TRUE,FALSE,FALSE,,
618,1454,8.70E-06,NMI,0.22072,0.77927,KNOWN,TRUE,FALSE,FALSE,,
619,471,9.56E-06,CTSG,0.4351,0.56489,NEW,TRUE,TRUE,TRUE,,
620,91,9.62E-06,APAF1,1.65E-09,0.99999,KNOWN,TRUE,TRUE,TRUE,,
621,2452,9.67E-06,ZNF157,0.43256,0.56743,NEW,TRUE,FALSE,FALSE,,
622,2233,9.81E-06,TLR9,0.0028048,0.99719,KNOWN,FALSE,TRUE,FALSE,,
623,950,1.01E-05,HLA-DQA2,0.64442,0.35557,NEW,TRUE,FALSE,FALSE,,
624,1865,1.01E-05,RGS16,0.64488,0.35511,NEW,FALSE,TRUE,FALSE,,
625,2116,1.04E-05,STAM2,0.0025755,0.99741,NEW,FALSE,TRUE,FALSE,,
