Table S1: IEI Candidate Genes without Filter,,,,
,pLI,AssociatedGene,pNull,pRec
1,4.52E-11,A2M,8.49E-09,1
2,1,AAK1,5.58E-18,6.05E-07
3,2.11E-55,ABCA7,1,5.07E-07
4,1.26E-05,ABCB1,5.56E-09,0.99999
5,0.00025164,ABCB9,0.00065257,0.9991
6,0.0011727,ABCC1,8.23E-12,0.99883
7,1.07E-07,ABCC4,1.78E-09,1
8,0.63911,ABI1,1.03E-05,0.36088
9,0.99998,ABL1,3.94E-15,1.72E-05
10,3.64E-07,ABL2,4.45E-06,1
11,0.9301,ABLIM1,1.85E-10,0.069898
12,0.87464,ACER3,1.22E-05,0.12534
13,1.75E-08,ACP1,0.93017,0.06983
14,2.55E-16,ACPP,0.99132,0.0086825
15,2.89E-09,ACSL5,0.0009302,0.99907
16,1.14E-06,ACTA1,0.41379,0.5862
17,0.93017,ACTA2,1.32E-05,0.069821
18,0.99997,ACTN1,1.53E-16,3.25E-05
19,0.99896,ACTR2,2.09E-09,0.0010389
20,0.3254,ACVR1,2.52E-05,0.67457
21,0.99969,ACVR1B,1.13E-10,0.00031361
22,0.00096719,ACVRL1,0.0022927,0.99674
23,2.44E-16,ADAM15,0.054813,0.94519
24,6.80E-05,ADAM19,2.94E-07,0.99993
25,3.12E-12,ADAMTSL1,6.60E-10,1
26,0.026282,ADAR,3.17E-08,0.97372
27,0.99928,ADCY5,5.86E-14,0.00071925
28,9.48E-07,ADCY7,1.12E-06,1
29,0.9961,ADD2,8.84E-11,0.0039024
30,0.9988,ADD3,2.44E-11,0.0011952
31,1.71E-11,ADH1A,0.9683,0.031702
32,0.015215,ADORA1,0.097409,0.88738
33,1.77E-05,ADORA2B,0.53986,0.46012
34,0.00081816,ADRA2A,0.20337,0.79582
35,0.52545,ADRB2,0.0031518,0.47139
36,0.99921,AEBP2,5.26E-09,0.00078725
37,2.01E-10,AEN,0.98098,0.019022
38,NA,AFDN,NA,NA
39,0.71038,AFF1,3.55E-10,0.28962
40,0.99996,AFF3,5.72E-17,4.18E-05
41,1.14E-11,AFP,0.086727,0.91327
42,0.99984,AGAP1,7.68E-15,0.00016213
43,6.35E-16,AGER,0.98516,0.014845
44,0.00025383,AGFG2,0.015188,0.98456
45,4.97E-08,AGT,0.76986,0.23014
46,0.00053161,AGTR1,0.28774,0.71173
47,1.08E-25,AHI1,0.83422,0.16578
48,0.89827,AHNAK,2.75E-16,0.10173
49,0.99896,AHSA1,1.03E-08,0.0010363
50,0.99795,AIFM1,2.22E-09,0.0020511
51,1.11E-05,AIFM2,0.17797,0.82202
52,2.19E-09,AIM2,0.92404,0.075964
53,0.035666,AKAP12,9.86E-08,0.96433
54,0.92909,AKAP13,1.51E-21,0.070907
55,0.99983,AKAP6,2.49E-20,0.00017192
56,0.66425,AKAP8,1.65E-06,0.33575
57,0.9759,AKT1,3.80E-08,0.024102
58,0.111,AKT1S1,0.025939,0.86306
59,0.64432,AKT2,9.81E-06,0.35567
60,0.99958,AKT3,2.36E-10,0.00042409
61,0.73267,ALCAM,8.23E-07,0.26732
62,0.36331,ALDH1A2,1.87E-05,0.63667
63,0.14128,ALDH1A3,0.00015006,0.85857
64,3.23E-06,ALK,6.56E-11,1
65,1.21E-06,ALOX5,9.60E-05,0.9999
66,0.070729,ALOX5AP,0.051608,0.87766
67,0.0003636,ALPL,0.0018949,0.99774
68,1,AMBRA1,1.24E-19,2.44E-07
69,3.40E-12,AMH,0.98768,0.012321
70,2.70E-10,AMHR2,0.10549,0.89451
71,0.99666,AMOT,2.99E-10,0.00334
72,0.0018316,AMOTL1,3.12E-07,0.99817
73,1.13E-12,AMPD3,0.095375,0.90463
74,0.95208,ANGPT1,2.10E-07,0.04792
75,0.83208,ANGPT2,1.09E-06,0.16792
76,1,ANK3,1.28E-56,4.25E-21
77,2.09E-10,ANKFN1,0.00165,0.99835
78,1,ANKRD11,1.85E-30,1.69E-11
79,1,ANKRD28,8.35E-18,2.65E-06
80,0.33657,ANKRD44,0.00056124,0.66287
81,0.99998,ANKS1B,1.17E-17,2.18E-05
82,7.32E-32,ANO6,0.9997,0.00029551
83,0.98961,ANP32A,2.85E-06,0.010384
84,0.98631,ANTXR1,1.91E-09,0.013688
85,1.20E-07,ANXA1,0.19027,0.80973
86,9.77E-05,ANXA2,0.012195,0.98771
87,1.19E-08,ANXA4,0.20619,0.79381
88,6.27E-11,AOC3,0.36833,0.63167
89,1.17E-31,AOX1,0.9281,0.071904
90,2.33E-05,AP3S2,0.48298,0.51699
91,9.62E-06,APAF1,1.65E-09,0.99999
92,0.96811,APBB1,1.54E-08,0.031892
93,1,APC,4.65E-34,5.56E-11
94,0.031714,APCS,0.34734,0.62095
95,1.92E-07,APEX1,0.55414,0.44586
96,0.79479,APH1A,0.00022885,0.20498
97,1.36E-18,APOBEC3D,0.99923,0.000768
98,1.35E-07,APOBEC3F,0.17103,0.82897
99,0.0018685,APOE,0.086502,0.91163
100,0.0010662,APOL4,0.37697,0.62197
101,0.096029,APOL6,0.31172,0.59225
102,0.046544,APP,6.55E-08,0.95346
103,0.98837,AR,3.12E-08,0.011631
104,0.96322,ARAF,5.35E-07,0.036779
105,0.47061,AREG,0.021846,0.50754
106,0.0015429,ARFGAP1,0.00023811,0.99822
107,0.76774,ARHGAP1,1.33E-05,0.23225
108,1.31E-17,ARHGAP10,0.32542,0.67458
109,5.51E-07,ARHGAP12,1.21E-05,0.99999
110,1.37E-08,ARHGAP15,0.052122,0.94788
111,3.40E-09,ARHGAP22,0.073763,0.92624
112,3.95E-10,ARHGAP24,0.015621,0.98438
113,0.94635,ARHGAP25,5.64E-08,0.053646
114,0.99661,ARHGAP26,2.56E-12,0.0033878
115,0.99999,ARHGAP31,2.90E-17,8.52E-06
116,0.99978,ARHGAP32,2.36E-19,0.00022476
117,0.028562,ARHGAP33,5.66E-09,0.97144
118,1,ARHGAP35,2.05E-21,6.33E-09
119,1,ARHGAP42,1.86E-17,1.91E-06
120,0.99862,ARHGAP5,2.88E-13,0.0013832
121,0.99845,ARHGAP6,1.12E-09,0.0015474
122,0.0006377,ARHGDIB,0.25067,0.74869
123,0.00047308,ARHGEF10L,3.67E-09,0.99953
124,1,ARHGEF12,7.22E-28,1.00E-08
125,1,ARHGEF2,7.54E-20,3.84E-07
126,0.0040454,ARHGEF3,1.20E-05,0.99594
127,0.99998,ARHGEF6,1.28E-13,1.94E-05
128,0.99995,ARHGEF7,4.33E-14,4.61E-05
129,1,ARID1A,5.87E-34,1.67E-13
130,1,ARID1B,2.82E-32,3.04E-12
131,0.99065,ARID3A,9.03E-08,0.0093488
132,1,ARID5B,8.53E-17,9.62E-07
133,0.99374,ARIH2,2.80E-10,0.006259
134,0.99444,ARNTL,1.04E-09,0.0055556
135,0.99394,ARRB1,3.13E-08,0.0060619
136,0.50658,ARRB2,3.08E-05,0.49339
137,1.71E-07,ARRDC4,0.34223,0.65777
138,6.37E-10,ARSG,0.58213,0.41787
139,5.04E-11,ARVCF,0.012385,0.98762
140,1,ASAP1,1.66E-19,1.97E-06
141,1.15E-20,ASCC3,5.56E-11,1
142,0.99968,ASH2L,4.73E-12,0.00031653
143,0.63426,ATF1,0.00026187,0.36548
144,0.99131,ATF2,1.53E-08,0.0086885
145,0.089296,ATF3,0.036568,0.87414
146,0.015659,ATF4,0.094186,0.89015
147,4.67E-17,ATG4C,0.99383,0.0061658
148,7.38E-12,ATG7,0.13978,0.86022
149,0.98109,ATL1,4.22E-09,0.018911
150,0.017833,ATOH1,0.08061,0.90156
151,0.9997,ATP11C,1.64E-13,0.00029572
152,0.98939,ATP13A1,3.46E-13,0.01061
153,0.99945,ATP2A2,1.51E-13,0.00055087
154,0.99797,ATP6V0A1,7.39E-13,0.0020346
155,3.67E-34,ATP8B4,0.99965,0.00034632
156,3.52E-09,ATR,3.81E-19,1
157,1.99E-05,ATRIP,0.00020664,0.99977
158,0.97498,ATXN1,2.06E-07,0.02502
159,0.8676,AURKA,1.41E-05,0.13238
160,0.0044521,AURKB,0.0061422,0.98941
161,0.99934,AUTS2,4.77E-14,0.00066098
162,0.40765,AXIN1,5.43E-07,0.59235
163,0.012951,AXL,9.05E-08,0.98705
164,2.71E-08,B3GAT3,0.70147,0.29853
165,0.87888,BACE1,2.25E-06,0.12112
166,0.57072,BACH1,1.85E-05,0.42926
167,0.0046237,BAD,0.29875,0.69663
168,6.53E-06,BAG1,0.27741,0.72258
169,0.61738,BAG3,6.16E-05,0.38256
170,7.40E-06,BAK1,0.48989,0.5101
171,0.99388,BANP,6.48E-09,0.0061187
172,1.38E-24,BARD1,0.99969,0.00030599
173,0.31746,BAX,0.015156,0.66739
174,0.0039762,BBC3,0.33116,0.66487
175,0.43366,BCAP31,0.0063174,0.56002
176,0.99808,BCAR1,3.81E-10,0.0019177
177,0.58213,BCAR3,1.39E-07,0.41787
178,0.00013819,BCAS3,2.15E-08,0.99986
179,3.80E-08,BCAT1,0.19698,0.80302
180,0.96998,BCL11A,3.23E-07,0.030024
181,0.55903,BCL2,0.011367,0.4296
182,0.20785,BCL2A1,0.03755,0.7546
183,0.93667,BCL2L1,0.00025013,0.063076
184,0.88857,BCL2L11,0.0010542,0.11037
185,3.33E-05,BCL2L14,0.17978,0.82018
186,0.98871,BCL3,3.50E-06,0.011289
187,0.96038,BCL6,1.30E-07,0.039615
188,1,BCOR,2.32E-16,2.80E-06
189,0.98761,BCR,5.06E-13,0.012391
190,0.11863,BDKRB2,0.023248,0.85812
191,0.65626,BDNF,0.0010534,0.34268
192,0.93717,BECN1,4.15E-07,0.062829
193,0.45229,BGN,0.0054972,0.54222
194,0.99444,BHLHE40,6.18E-07,0.0055552
195,1.56E-11,BID,0.99182,0.0081772
196,5.03E-06,BIK,0.86199,0.13801
197,0.77822,BIN1,9.69E-08,0.22178
198,0.42708,BIRC2,1.14E-05,0.57291
199,0.065597,BIRC3,0.00011225,0.93429
200,0.055854,BIRC5,0.071441,0.8727
201,NA,BIRC8,NA,NA
202,8.35E-14,BLK,0.87016,0.12984
203,0.00034786,BLVRA,0.044361,0.95529
204,0.94286,BMI1,7.97E-06,0.057135
205,0.98799,BMP2,4.07E-06,0.012003
206,0.9564,BMP4,2.00E-05,0.04358
207,6.59E-07,BMPER,0.00022867,0.99977
208,0.99863,BMPR1B,8.29E-10,0.0013688
209,0.99998,BMPR2,1.36E-15,2.15E-05
210,0.006673,BMX,0.00014197,0.99319
211,0.92762,BNC2,2.43E-08,0.072382
212,1.97E-05,BNIP3,0.51792,0.48206
213,0.15274,BNIP3L,0.015012,0.83225
214,0.00032563,BORA,0.0022184,0.99746
215,0.99995,BRAF,1.91E-15,4.76E-05
216,1.56E-07,BRD8,2.52E-08,1
217,4.21E-11,BST1,0.89927,0.10073
218,0.00042516,BST2,0.33527,0.66431
219,0.00011935,BTBD1,0.0092188,0.99066
220,0.062276,BTC,0.061677,0.87605
221,0.53641,BTG1,0.01351,0.45008
222,0.019033,BTG2,0.2314,0.74957
223,0.91582,BTG3,0.00010526,0.084073
224,3.40E-21,BTN2A1,0.99992,8.34E-05
225,1.38E-11,BTN2A2,0.81381,0.18619
226,5.87E-09,BTN3A1,0.58294,0.41706
227,1.10E-10,BTN3A2,0.90756,0.092439
228,0.011942,BTRC,5.04E-07,0.98806
229,4.88E-09,BUB1,3.64E-06,1
230,7.00E-10,BUB1B,4.90E-07,1
231,0.45739,C4BPA,9.08E-06,0.5426
232,0.40249,C5AR1,0.1178,0.47971
233,0.068013,CAB39,0.00257,0.92942
234,0.0054966,CABLES1,0.0009278,0.99358
235,5.83E-09,CACHD1,5.71E-07,1
236,1,CACNA1A,8.29E-38,4.32E-13
237,0.99879,CALD1,1.03E-12,0.0012117
238,0.94473,CALM1,0.00017768,0.055091
239,0.92086,CALM2,0.00043946,0.078701
240,0.89133,CALR,8.37E-06,0.10866
241,0.99845,CAMK2A,4.59E-11,0.0015489
242,0.73914,CAMK2B,3.14E-08,0.26086
243,0.002287,CAMK2D,2.73E-05,0.99769
244,0.9991,CAMK2G,1.22E-11,0.00090008
245,0.50957,CAMK4,0.0001484,0.49028
246,0.86635,CANX,1.20E-07,0.13365
247,5.86E-10,CAPN1,0.00037724,0.99962
248,3.52E-22,CAPN2,0.97054,0.029456
249,3.52E-05,CASP1,0.048295,0.95167
250,0.0015026,CASP2,0.0012196,0.99728
251,0.10017,CASP3,0.0066129,0.89322
252,3.05E-08,CASP4,0.47481,0.52519
253,1.75E-16,CASP5,0.99638,0.0036221
254,0.00012665,CASP6,0.14457,0.8553
255,5.36E-05,CASP7,0.0278,0.97215
256,NA,CASP8AP2,NA,NA
257,7.38E-06,CASP9,0.083837,0.91616
258,4.12E-12,CAST,0.0038178,0.99618
259,1,CASZ1,1.74E-20,2.10E-07
260,1.63E-10,CAT,0.40316,0.59684
261,0.008274,CAV1,0.18514,0.80659
262,0.00060921,CBL,1.52E-06,0.99939
263,0.99825,CBLB,5.13E-13,0.0017518
264,3.08E-05,CBS,0.0026829,0.99729
265,0.94099,CCAR2,1.20E-10,0.059006
266,0.040132,CCDC12,0.027311,0.93256
267,6.50E-16,CCDC57,0.6606,0.3394
268,0.57714,CCDC6,1.75E-05,0.42284
269,3.30E-08,CCDC88C,3.24E-12,1
270,3.81E-06,CCDC91,0.010706,0.98929
271,0.010211,CCL11,0.36423,0.62556
272,0.00013932,CCL17,0.75114,0.24872
273,0.31691,CCL19,0.062823,0.62027
274,0.60786,CCL2,0.032341,0.3598
275,0.00024242,CCL20,0.67068,0.32908
276,0.036239,CCL21,0.12182,0.84194
277,0.0084014,CCL22,0.40761,0.58399
278,0.34981,CCL3,0.050263,0.59993
279,0.24134,CCL4,0.10539,0.65326
280,0.0017516,CCL5,0.50901,0.48924
281,0.0092809,CCM2,0.0021349,0.98858
282,0.00043117,CCNA1,0.0014847,0.99808
283,0.99962,CCNA2,8.85E-10,0.00037892
284,0.15993,CCNB1,0.00058757,0.83948
285,0.89057,CCND1,0.00020729,0.10922
286,0.98658,CCND2,5.35E-06,0.013417
287,0.98347,CCND3,8.92E-06,0.016521
288,0.97187,CCNE1,2.75E-07,0.028125
289,0.86983,CCNE2,2.72E-06,0.13017
290,0.00073222,CCNG1,0.070338,0.92893
291,0.0096861,CCNG2,0.0097287,0.98059
292,0.00081328,CCNH,0.014121,0.98507
293,0.9998,CCNK,3.89E-11,0.00020255
294,0.80672,CCNY,3.93E-05,0.19324
295,0.38775,CCR1,0.0088951,0.60335
296,0.023412,CCR2,0.057196,0.91939
297,0.00012636,CCR3,0.35725,0.64262
298,0.06863,CCR4,0.053865,0.87751
299,4.31E-10,CCR5,0.9845,0.015501
300,0.057623,CCR7,0.015987,0.92639
301,0.36861,CCRL2,0.14101,0.49039
302,0.000789,CCSER1,2.56E-05,0.99919
303,4.88E-05,CD14,0.55908,0.44087
304,6.84E-05,CD180,0.083733,0.9162
305,0.47108,CD2,0.0047742,0.52415
306,0.8044,CD22,2.79E-09,0.1956
307,0.03921,CD226,0.0060506,0.95474
308,0.057288,CD244,0.0006875,0.94202
309,0.016734,CD247,0.020948,0.96232
310,0.01916,CD274,0.017301,0.96354
311,0.35779,CD28,0.011139,0.63108
312,5.69E-07,CD33,0.55929,0.44071
313,4.99E-06,CD34,0.12985,0.87015
314,1.09E-60,CD36,1,5.63E-17
315,0.00078914,CD4,0.0030661,0.99614
316,2.45E-07,CD44,0.00019177,0.99981
317,0.91924,CD47,1.92E-05,0.080738
318,1.73E-05,CD48,0.54412,0.45586
319,2.31E-10,CD5,0.32695,0.67305
320,0.25092,CD58,0.0055925,0.74349
321,1.41E-06,CD68,0.36757,0.63243
322,0.029691,CD69,0.041668,0.92864
323,0.24889,CD74,0.0011692,0.74994
324,0.010898,CD80,0.037712,0.95139
325,1.27E-08,CD82,0.64422,0.35578
326,0.0052136,CD83,0.094918,0.89987
327,0.94879,CD86,2.99E-05,0.051176
328,1.98E-10,CD93,0.7653,0.2347
329,9.64E-08,CDC14A,0.0035833,0.99642
330,0.94308,CDC14B,3.23E-07,0.056924
331,3.00E-07,CDC20,0.016599,0.9834
332,0.84041,CDC25A,9.51E-07,0.15959
333,0.3643,CDC25B,3.75E-06,0.6357
334,4.10E-13,CDC25C,0.90901,0.090986
335,0.95625,CDC34,9.91E-05,0.043655
336,0.90925,CDC37,5.24E-06,0.09074
337,0.78728,CDC42,0.0012371,0.21148
338,0.99309,CDC42BPA,3.40E-19,0.0069056
339,1,CDC42BPB,1.79E-33,3.63E-12
340,0.18562,CDC42EP3,0.04614,0.76824
341,0.76835,CDC42SE2,0.0073104,0.22434
342,1.15E-09,CDC6,0.22618,0.77382
343,4.43E-06,CDC7,0.0086613,0.99133
344,0.14631,CDH1,1.17E-06,0.85369
345,0.0007058,CDH13,0.00014844,0.99915
346,0.21478,CDH18,1.34E-05,0.78521
347,0.99171,CDH2,1.13E-10,0.0082875
348,3.18E-06,CDH23,4.83E-06,0.99999
349,0.98806,CDH8,6.74E-09,0.011943
350,0.99206,CDK1,1.48E-06,0.007941
351,6.48E-05,CDK11B,0.00092574,0.99901
352,1,CDK12,4.44E-22,2.42E-08
353,2.50E-08,CDK14,0.09672,0.90328
354,0.9948,CDK16,2.15E-08,0.0051985
355,0.99982,CDK19,2.90E-11,0.00017937
356,0.61054,CDK2,0.00032225,0.38913
357,0.062909,CDK4,0.0029106,0.93418
358,0.13892,CDK5,0.00076355,0.86032
359,0.9149,CDK5R1,0.00052844,0.084567
360,4.62E-23,CDK5RAP2,7.58E-07,1
361,0.98315,CDK6,1.90E-06,0.01685
362,4.47E-07,CDK7,0.15701,0.84299
363,8.89E-05,CDK9,0.060998,0.93891
364,0.016021,CDKAL1,3.95E-05,0.98394
365,0.0018575,CDKN1A,0.25882,0.73932
366,0.62376,CDKN1B,0.0067285,0.36951
367,0.81963,CDKN1C,0.0037222,0.17665
368,0.39474,CDKN2A,0.037025,0.56824
369,0.39526,CDKN2C,0.036892,0.56784
370,0.0019455,CDKN3,0.019623,0.97843
371,0.14253,CDX1,0.071314,0.78615
372,0.52887,CDX2,0.0030691,0.46806
373,0.99504,CDYL,9.48E-08,0.0049607
374,0.55365,CEBPA,0.047526,0.39882
375,0.35809,CEBPB,0.047517,0.59439
376,0.61219,CEBPD,0.031304,0.3565
377,1.54E-06,CEL,0.03687,0.96313
378,0.99971,CELF1,9.01E-11,0.00028584
379,NA,TMEM2,NA,NA
380,4.72E-23,CEP128,0.04709,0.95291
381,4.54E-09,CEP85L,0.00048708,0.99951
382,NA,CFAP46,NA,NA
383,0.55563,CFL1,0.011669,0.4327
384,0.99967,CFLAR,1.28E-10,0.00032987
385,1.89E-31,CGN,0.94998,0.050021
386,5.63E-11,CHAT,0.047768,0.95223
387,1,CHD2,1.37E-41,2.37E-16
388,1,CHD9,6.25E-39,7.66E-12
389,3.14E-08,CHEK1,0.074104,0.9259
390,1.21E-24,CHEK2,0.99992,7.64E-05
391,1.11E-05,CHI3L1,0.050684,0.9493
392,0.22747,CHKA,5.85E-05,0.77247
393,2.99E-07,CHMP4C,0.67421,0.32579
394,0.030508,CHN1,0.00036837,0.96912
395,0.0023008,CHN2,0.0006611,0.99704
396,3.52E-05,CHST15,0.010711,0.98925
397,0.99403,CHUK,1.02E-11,0.0059748
398,0.99999,CIC,2.21E-16,1.02E-05
399,0.00053852,CISH,0.28505,0.71441
400,0.0078152,CKM,0.013188,0.979
401,0.4314,CKS1B,0.028765,0.53983
402,2.30E-05,CLC,0.69112,0.30886
403,0.27595,CLEC16A,1.29E-08,0.72405
404,0.049547,CLIC2,0.083497,0.86696
405,0.99997,CLIP2,4.16E-15,3.40E-05
406,0.0025864,CLSPN,6.44E-11,0.99741
407,0.99999,CMIP,3.81E-15,8.82E-06
408,0.010767,CMKLR1,0.14269,0.84654
409,0.038169,CMTM7,0.11476,0.84707
410,0.99252,CMTR1,3.60E-12,0.0074848
411,4.49E-18,CNBD1,0.99919,0.00080563
412,0.84533,CNIH3,0.00051708,0.15415
413,4.29E-30,CNKSR1,0.99994,6.36E-05
414,0.50652,CNR1,0.003648,0.48984
415,0.95549,CNTFR,4.26E-06,0.04451
416,1.99E-05,CNTN3,3.47E-07,0.99998
417,0.0039121,COBL,5.16E-07,0.99609
418,1.43E-14,COL14A1,1.03E-10,1
419,1.74E-10,COL18A1,6.05E-09,1
420,1,COL1A1,5.86E-31,1.06E-11
421,1,COL1A2,4.48E-22,1.24E-06
422,4.49E-45,COL22A1,0.99373,0.006274
423,1.64E-18,COL25A1,0.1058,0.8942
424,0.5864,COL27A1,1.06E-18,0.4136
425,1,COL2A1,1.67E-29,1.55E-10
426,NA,COP1,NA,NA
427,0.99925,COPS5,4.70E-09,0.00075169
428,0.98666,COPS6,1.07E-06,0.013343
429,0.98555,CPEB4,2.18E-09,0.014455
430,1.32E-14,CPQ,0.98761,0.012393
431,4.74E-19,CR2,0.12171,0.87829
432,0.87862,CRADD,0.0013152,0.12006
433,0.99673,CREB1,3.42E-08,0.003267
434,0.22337,CREB5,6.09E-05,0.77657
435,1,CREBBP,1.67E-44,1.51E-17
436,0.50878,CREM,0.00014932,0.49107
437,3.79E-05,CRHR1,0.0019984,0.99796
438,0.95936,CRK,1.67E-05,0.040623
439,0.44604,CRKL,0.0057598,0.5482
440,3.31E-07,CRLF2,0.65767,0.34233
441,0.99173,CRMP1,1.36E-08,0.0082735
442,0.0036969,CRP,0.5802,0.4161
443,0.17396,CRYAA,0.051643,0.7744
444,0.02247,CRYAB,0.19959,0.77794
445,0.99634,CSF1,4.51E-08,0.0036608
446,0.13278,CSF1R,1.15E-08,0.86722
447,0.83468,CSF2,0.002953,0.16236
448,0.38046,CSF3,0.009394,0.61015
449,9.27E-14,CSGALNACT1,0.96126,0.038743
450,0.99977,CSK,5.50E-11,0.0002335
451,1,CSMD1,2.00E-42,7.37E-10
452,0.057105,CSMD3,1.21E-31,0.9429
453,1.42E-16,CSN1S1,0.99834,0.001661
454,0.99758,CSNK1A1,1.65E-08,0.0024232
455,0.013174,CSNK1A1L,0.11481,0.87202
456,0.99577,CSNK1D,6.44E-08,0.0042344
457,0.99926,CSNK1E,4.56E-09,0.00074238
458,0.98711,CSNK2A1,8.13E-09,0.012893
459,0.9994,CSNK2A2,5.40E-10,0.00059605
460,0.91728,CSNK2B,0.00010065,0.082619
461,0.0003328,CSRP1,0.16712,0.83255
462,0.98442,CTBP1,1.56E-06,0.015579
463,0.99994,CTCF,1.90E-12,5.87E-05
464,0.00050202,CTGF,0.10908,0.89042
465,0.96962,CTNNA1,1.13E-10,0.030382
466,0.99999,CTNNB1,2.63E-14,1.01E-05
467,0.99999,CTNND1,2.96E-16,1.15E-05
468,1,CTNND2,3.21E-24,1.66E-09
469,5.88E-11,CTSB,0.87849,0.12151
470,0.00091747,CTSD,0.011938,0.98714
471,9.56E-06,CTSG,0.4351,0.56489
472,1.25E-08,CTSH,0.19649,0.80351
473,0.0080454,CTSL,0.012659,0.9793
474,0.089176,CTTN,5.62E-07,0.91082
475,4.63E-42,CUBN,4.24E-10,1
476,6.63E-08,CUEDC1,0.3062,0.6938
477,1,CUL1,5.05E-19,4.35E-07
478,1,CUX1,2.68E-23,5.47E-08
479,0.60837,CX3CL1,0.0016097,0.39002
480,0.11845,CXCL1,0.093555,0.78799
481,0.36865,CXCL10,0.044231,0.58712
482,0.31408,CXCL11,0.064043,0.62188
483,0.11851,CXCL12,0.093489,0.788
484,3.61E-07,CXCL2,0.94168,0.058323
485,0.00030234,CXCL3,0.63353,0.36617
486,5.04E-06,CXCL5,0.86184,0.13815
487,NA,CXCL8,NA,NA
488,0.0029304,CXCL9,0.39808,0.59899
489,0.72861,CXCR5,0.0024821,0.2689
490,0.99993,CYLD,2.36E-14,6.92E-05
491,1.70E-05,CYP19A1,0.029101,0.97088
492,3.20E-23,CYP24A1,0.99986,0.00014163
493,1.92E-07,CYP27B1,0.11913,0.88087
494,5.80E-11,CYP3A4,0.61384,0.38616
495,0.99981,CYTH1,1.64E-10,0.00018958
496,0.00077316,CYTH4,0.00064273,0.99858
497,0.99918,DAAM1,3.35E-15,0.0008246
498,0.40701,DAB2,2.70E-06,0.59298
499,0.99995,DAB2IP,1.05E-14,4.96E-05
500,0.98117,DAG1,5.04E-07,0.018831
501,1.11E-09,DAP3,0.46846,0.53154
502,0.99767,DAPK1,1.72E-15,0.0023304
503,5.01E-10,DAPK2,0.78697,0.21303
504,0.0065541,DAPK3,0.0035297,0.98992
505,0.17169,DAPP1,0.0025198,0.82579
506,0.098633,DAXX,5.73E-05,0.90131
507,0.99296,DBF4,1.85E-09,0.0070405
508,0.0013944,DBI,0.31865,0.67996
509,0.017939,DBNL,0.00016495,0.9819
510,0.99448,DCC,2.37E-17,0.0055201
511,4.79E-08,DCDC1,0.60672,0.39328
512,0.31231,DCN,0.00068172,0.687
513,1.60E-10,DCP1B,0.40636,0.59364
514,0.8666,DCUN1D3,0.00034861,0.13305
515,0.99979,DDB1,5.67E-16,0.00020659
516,7.40E-06,DDB2,0.019936,0.98006
517,0.00068309,DDIT4,0.23717,0.76215
518,4.63E-06,DDR1,1.39E-05,0.99998
519,0.5503,DDR2,3.65E-08,0.4497
520,9.75E-07,DDX50,2.64E-05,0.99997
521,1.76E-23,DDX58,0.98123,0.018769
522,1.07E-38,DDX60L,0.999,0.00099707
523,0.0011637,DEFB4A,0.76323,0.2356
524,0.99976,DENND1A,9.39E-14,0.00023523
525,0.20408,DENND1B,7.36E-05,0.79585
526,1.30E-11,DENND3,3.03E-05,0.99997
527,3.72E-12,DEPTOR,0.95242,0.047583
528,0.00037318,DERA,0.040497,0.95913
529,0.52991,DGKB,8.69E-09,0.47009
530,6.02E-13,DGKG,0.011994,0.98801
531,8.72E-07,DHRS2,0.68099,0.31901
532,0.22581,DHRS3,0.0070225,0.76717
533,3.20E-13,DHX58,0.73278,0.26722
534,2.57E-06,DIABLO,0.47811,0.52189
535,0.91507,DIAPH1,2.51E-12,0.084926
536,0.6196,DIO2,0.0014617,0.37894
537,NA,CXorf36,NA,NA
538,0.944,DIS3L2,5.20E-10,0.056
539,0.17423,DKK1,0.011773,0.814
540,0.99948,DLC1,2.19E-16,0.0005189
541,0.47033,DLEU1,0.080319,0.44935
542,0.99393,DLG1,8.82E-14,0.0060693
543,0.70796,DLG2,1.49E-11,0.29204
544,0.99999,DLL1,2.68E-13,1.36E-05
545,0.041133,DMAP1,0.00023358,0.95863
546,1,DMXL2,5.27E-43,1.63E-13
547,2.54E-58,DNAH11,1.19E-09,1
548,0.0098017,DNAJA3,0.00040062,0.9898
549,0.44012,DNAJB12,0.00025279,0.55963
550,0.81216,DNAJC5,0.00087627,0.18696
551,0.00056753,DNM1L,1.68E-06,0.99943
552,0.99998,DNM2,9.57E-15,2.48E-05
553,1,DNMT1,7.69E-30,2.17E-10
554,0.0068117,DOCK1,1.82E-18,0.99319
555,2.55E-06,DOCK10,5.23E-17,1
556,0.82562,DOCK4,1.60E-20,0.17438
557,2.90E-09,DOCK5,3.62E-14,1
558,0.029002,DOK1,0.0019573,0.96904
559,0.091531,DOK4,0.0015804,0.90689
560,0.00016237,DPM1,0.027953,0.97188
561,7.28E-09,DPP4,1.01E-05,0.99999
562,3.37E-22,DPYD,0.89681,0.10319
563,0.99375,DPYSL2,6.83E-09,0.0062522
564,0.6331,DSE,8.99E-08,0.3669
565,1,DST,1.21E-70,2.61E-18
566,0.63459,DTNA,1.80E-08,0.36541
567,2.80E-10,DTNB,0.0053211,0.99468
568,6.84E-06,DTNBP1,0.091663,0.90833
569,2.81E-10,DTWD1,0.95577,0.044227
570,0.00098982,DTX1,0.0022181,0.99679
571,5.27E-06,DTX3L,0.0067811,0.99321
572,4.50E-56,DUOX2,1,1.07E-09
573,0.010151,DUSP1,0.04144,0.94841
574,0.8335,DUSP10,0.00012856,0.16637
575,8.49E-07,DUSP11,0.24005,0.75995
576,0.088867,DUSP16,6.83E-05,0.91106
577,0.010044,DUSP19,0.15325,0.8367
578,0.0093421,DUSP22,0.046215,0.94444
579,0.00023011,DUSP26,0.2326,0.76717
580,0.46156,DUSP3,0.023292,0.51515
581,0.88152,DUSP4,0.00025508,0.11822
582,0.0033227,DUSP5,0.04232,0.95436
583,0.97603,DUSP6,2.23E-05,0.023943
584,0.69024,DUSP7,0.00076149,0.309
585,0.81981,DUSP9,0.0037123,0.17648
586,3.73E-06,DVL1,0.0022774,0.99772
587,1.36E-05,DVL2,0.00035819,0.99963
588,0.38544,DVL3,3.18E-06,0.61456
589,3.59E-13,DYM,0.099221,0.90078
590,1.14E-44,DYNC2H1,9.24E-17,1
591,0.99967,DYRK1A,5.23E-12,0.00032999
592,0.99751,DYRK2,8.69E-08,0.0024881
593,0.9877,E2F1,4.32E-06,0.012295
594,0.25505,E2F2,0.0011066,0.74385
595,0.9458,E2F3,6.98E-06,0.054195
596,0.45258,E2F4,0.00022992,0.54719
597,0.10158,E2F6,0.0064594,0.89196
598,0.99317,E2F7,3.48E-10,0.0068333
599,1.12E-08,EARS2,0.21603,0.78397
600,0.10797,EBI3,0.027128,0.8649
601,0.95987,ECE1,1.11E-09,0.040127
602,6.76E-06,ECSIT,0.09281,0.90718
603,6.83E-07,EDEM2,0.0052416,0.99476
604,0.45504,EDN1,0.0053852,0.53958
605,0.060323,EDN2,0.064423,0.87525
606,0.97863,EEF1A1,3.40E-06,0.021367
607,8.36E-20,EEF2K,0.94682,0.053184
608,5.92E-07,EFCAB2,0.73768,0.26232
609,4.20E-23,EFCAB5,0.054595,0.9454
610,1.90E-17,EFHC1,0.97429,0.025709
611,0.96051,EFNA5,7.67E-05,0.039412
612,1.82E-08,EFS,0.57918,0.42082
613,8.53E-17,EGF,0.00047646,0.99952
614,0.36837,EGFR,1.02E-11,0.63163
615,0.0094753,EGLN3,0.045369,0.94516
616,0.3509,EGR1,0.0024593,0.64664
617,0.50292,EGR2,0.0037498,0.49333
618,0.98342,EHD1,1.82E-06,0.016581
619,0.70543,EHF,2.69E-05,0.29454
620,0.00010292,EHMT2,1.34E-09,0.9999
621,0.73348,EI24,1.99E-05,0.2665
622,6.04E-09,EIF2A,0.03573,0.96427
623,7.01E-07,EIF2AK1,0.0010307,0.99897
624,0.017643,EIF2AK2,3.42E-05,0.98232
625,0.0027603,EIF2AK3,3.50E-08,0.99724
626,1.24E-15,EIF2AK4,3.48E-09,1
627,0.97031,EIF2S1,7.67E-06,0.029682
628,0.047483,EIF3H,0.00092264,0.95159
629,0.99999,EIF4B,5.09E-15,5.16E-06
630,0.94133,EIF4E,8.52E-06,0.058663
631,0.20762,EIF4EBP1,0.13355,0.65883
632,1,EIF4G2,8.73E-22,8.61E-09
633,0.98849,ELAVL1,3.67E-06,0.011506
634,0.01065,ELF1,0.00035491,0.989
635,0.98323,ELF3,3.79E-07,0.016765
636,0.06139,ELF4,0.0030255,0.93558
637,0.00086946,ELF5,0.012868,0.98626
638,0.93711,ELK1,0.00024583,0.062646
639,0.98542,ELL,1.10E-08,0.014575
640,0.89997,ELMO1,4.63E-10,0.10003
641,1,ELMSAN1,4.72E-17,1.45E-06
642,NA,ELP1,NA,NA
643,3.01E-14,ELP3,0.57141,0.42859
644,0.003297,EMC2,0.0019383,0.99476
645,8.64E-05,EMCN,0.0632,0.93671
646,5.76E-19,EML2,0.84188,0.15812
647,0.99994,ENAH,3.69E-13,5.77E-05
648,0.46008,ENC1,0.00021715,0.53971
649,1.53E-06,ENOX2,0.03704,0.96296
650,0.0027913,ENPP2,6.96E-09,0.99721
651,0.0080716,ENTPD1,0.00053154,0.9914
652,1,EP300,4.88E-42,1.11E-15
653,1,EP400,1.10E-38,1.84E-09
654,0.5961,EPAS1,1.24E-07,0.4039
655,0.99318,EPB41L2,2.87E-12,0.0068228
656,4.32E-05,EPB41L3,2.31E-08,0.99996
657,1.28E-07,EPCAM,0.40427,0.59573
658,1.46E-23,EPHA1,0.96771,0.032287
659,1.07E-05,EPHA2,4.16E-06,0.99999
660,1.20E-05,EPHA3,7.22E-07,0.99999
661,1,EPHA4,2.84E-17,4.38E-06
662,1.83E-10,EPHA8,0.00040416,0.9996
663,0.99997,EPHB2,2.18E-14,3.47E-05
664,0.46242,EPHB3,1.47E-08,0.53758
665,0.013497,EPHB4,1.72E-08,0.9865
666,0.01125,EPO,0.036141,0.95261
667,0.0101,EPOR,0.0018881,0.98801
668,0.0034774,EPS15,1.24E-07,0.99652
669,0.97308,EPS8,8.36E-11,0.02692
670,3.31E-25,EPSTI1,0.99998,1.85E-05
671,2.06E-26,ERAP1,0.99747,0.0025295
672,0.0059892,ERBB2,9.45E-11,0.99401
673,1.70E-15,ERBB3,3.21E-05,0.99997
674,0.99912,ERBB4,3.28E-17,0.00088401
675,NA,ERBIN,NA,NA
676,1.06E-07,ERC1,2.17E-07,1
677,0.98931,ERC2,1.74E-12,0.010688
678,1.59E-07,ERCC1,0.59003,0.40997
679,2.73E-13,ERCC5,0.0076245,0.99238
680,5.16E-22,ERCC6,0.0082575,0.99174
681,1.17E-05,EREG,0.6191,0.38089
682,0.96413,ERG,5.03E-07,0.035865
683,0.64747,ERGIC1,0.00023247,0.35229
684,0.99027,ERN1,6.84E-12,0.009732
685,0.012152,ERRFI1,0.032576,0.95527
686,0.9992,ESR1,1.11E-09,0.00080059
687,4.45E-08,ESR2,0.17,0.83
688,7.79E-06,ESYT2,6.59E-06,0.99999
689,0.7816,ETS1,2.27E-06,0.2184
690,0.99888,ETS2,2.52E-09,0.0011212
691,0.97596,ETV3,4.55E-06,0.024039
692,2.87E-08,ETV4,0.019622,0.98038
693,0.9735,ETV6,2.37E-07,0.026497
694,3.96E-14,ETV7,0.98768,0.012316
695,0.99761,EVL,3.22E-09,0.0023882
696,3.41E-13,EXOC4,0.0055654,0.99443
697,2.44E-07,EXOC6,7.91E-06,0.99999
698,0.99732,EXT1,1.75E-10,0.002683
699,1,EZH2,8.04E-16,4.66E-06
700,0.17989,EZR,3.88E-06,0.82011
701,0.0011118,F2,1.56E-05,0.99887
702,0.0084678,F2R,0.052481,0.93905
703,0.018872,F3,0.017677,0.96345
704,5.92E-15,F5,1.82E-09,1
705,1,F8,1.41E-26,1.79E-10
706,0.99895,FAF1,3.56E-12,0.0010455
707,0.002225,FAM111A,0.67044,0.32734
708,7.17E-20,FAM129A,0.99308,0.0069222
709,0.016975,FAM129B,3.00E-07,0.98302
710,1.90E-18,FAM13A,0.021604,0.9784
711,5.81E-05,FAM13C,0.00021939,0.99972
712,0.98528,FAM171A1,2.28E-09,0.01472
713,0.00024392,FAM172A,0.0033504,0.99641
714,0.041627,FAM183A,0.10359,0.85478
715,0.34104,FAM19A2,0.012646,0.64631
716,0.97612,FAM49B,9.06E-07,0.023875
717,0.37254,FAM78A,0.0099685,0.61749
718,2.49E-14,FANCG,0.7749,0.2251
719,0.8117,FAS,0.00018013,0.18812
720,0.18345,FASLG,0.01067,0.80588
721,1.20E-12,FAT1,2.49E-18,1
722,0.91878,FBLN1,6.61E-09,0.081222
723,7.01E-06,FBLN2,3.14E-07,0.99999
724,0.079124,FBP1,0.0097379,0.91114
725,0.99901,FBXL17,9.15E-09,0.00098821
726,1,FBXO11,4.05E-19,1.07E-07
727,0.44439,FBXO31,4.96E-05,0.55556
728,0.96995,FBXO5,1.60E-06,0.030047
729,0.97611,FBXW11,7.51E-09,0.023891
730,0.99949,FBXW7,3.02E-12,0.00050762
731,3.08E-05,FCER1A,0.42245,0.57752
732,0.66327,FCER1G,0.004746,0.33198
733,7.61E-12,FCER2,0.92824,0.071756
734,0.00013116,FCGR1A,0.13948,0.86039
735,2.01E-06,FCGR2A,0.5299,0.4701
736,0.041493,FCGRT,0.005553,0.95295
737,0.56618,FCHSD2,6.50E-09,0.43382
738,4.61E-17,FCRL5,0.84776,0.15224
739,0.0056199,FDPS,0.0008985,0.99348
740,1.15E-06,FDXR,0.01206,0.98794
741,4.77E-05,FEN1,0.32708,0.67287
742,0.6633,FER,2.79E-09,0.3367
743,3.79E-15,FES,0.02792,0.97208
744,0.44406,FGF1,0.026338,0.5296
745,0.90887,FGF14,0.00012905,0.091
746,0.0184,FGF2,0.077582,0.90402
747,0.67676,FGF8,0.0008685,0.32237
748,0.99984,FGFR1,1.85E-13,0.00016128
749,0.99731,FGFR2,7.24E-12,0.0026932
750,1.64E-05,FGFR3,5.51E-05,0.99993
751,7.19E-13,FGFR4,0.042523,0.95748
752,3.19E-18,FGGY,0.98263,0.017371
753,0.48408,FGR,7.41E-06,0.51592
754,0.00013667,FHAD1,0.3402,0.65966
755,0.0057055,FHIT,0.25518,0.73911
756,2.87E-05,FHL2,0.20584,0.79413
757,0.066509,FHOD3,6.24E-11,0.93349
758,1.08E-09,FILIP1L,0.00077775,0.99922
759,0.81452,FKBP1A,0.0040108,0.18147
760,0.73393,FKBP5,1.98E-05,0.26605
761,0.99825,FKBP8,3.70E-08,0.0017538
762,0.9894,FLI1,1.23E-07,0.010596
763,1,FLNA,5.31E-29,1.81E-11
764,6.05E-10,FLNB,1.41E-14,1
765,0.99983,FLT1,1.40E-17,0.00016792
766,0.60777,FLT3,1.88E-10,0.39223
767,1,FLT4,7.88E-24,1.72E-08
768,3.59E-18,FMN1,0.36491,0.63509
769,0.64718,FMR1,9.56E-06,0.35281
770,0.0014045,FN1,6.05E-21,0.9986
771,0.82844,FNBP1,4.74E-08,0.17156
772,1,FNDC3B,1.88E-28,8.18E-12
773,1,FNIP2,6.70E-18,6.53E-07
774,0.94721,FNTA,1.32E-06,0.052786
775,7.21E-37,FOCAD,0.72203,0.27797
776,0.26176,FOS,0.0050864,0.73316
777,0.98293,FOSL2,9.66E-06,0.017063
778,0.22227,FOXA1,0.0072591,0.77047
779,0.74225,FOXA2,0.00043926,0.25731
780,0.95337,FOXC1,0.00011615,0.046517
781,0.99598,FOXJ3,4.69E-10,0.0040168
782,0.80522,FOXK1,8.12E-06,0.19477
783,0.87762,FOXL2,0.0013435,0.12103
784,0.0007414,FOXM1,0.00013831,0.99912
785,0.93167,FOXN3,1.25E-05,0.068314
786,0.99725,FOXO1,1.11E-07,0.0027479
787,0.98806,FOXO3,8.13E-07,0.011938
788,0.99998,FOXP1,3.39E-15,1.62E-05
789,0.40137,FPR2,0.11851,0.48012
790,1.81E-12,FRK,0.63687,0.36313
791,0.27023,FRMD3,8.05E-06,0.72976
792,0.4539,FRMD4B,2.62E-11,0.5461
793,0.99724,FRMD5,9.30E-10,0.0027633
794,0.027916,FRMD6,1.73E-05,0.97207
795,0.99721,FRS2,2.32E-08,0.002786
796,1,FRY,1.37E-38,3.88E-09
797,0.99727,FRYL,3.36E-29,0.0027296
798,0.86852,FSCN1,6.82E-05,0.13141
799,0.98014,FST,2.84E-06,0.019854
800,1.40E-06,FSTL5,7.72E-05,0.99992
801,8.36E-08,FTO,0.020803,0.9792
802,0.99994,FURIN,9.16E-14,6.27E-05
803,0.9993,FUS,6.51E-12,0.00069526
804,NA,FYB1,NA,NA
805,0.99406,FYN,1.22E-09,0.0059367
806,0.99969,FZR1,1.08E-10,0.00030806
807,0.033122,G3BP1,6.59E-05,0.96681
808,0.18433,GAB1,3.70E-06,0.81567
809,0.98325,GAB2,1.55E-08,0.016751
810,0.99999,GABBR2,4.69E-16,7.19E-06
811,0.99812,GABPA,1.81E-09,0.0018841
812,0.044075,GADD45A,0.096655,0.85927
813,0.21058,GADD45B,0.036636,0.75278
814,0.55259,GADD45G,0.011945,0.43546
815,1.99E-05,GALNT10,0.00020737,0.99977
816,0.0084175,GALNT2,4.15E-06,0.99158
817,0.11388,GAPDH,0.0053158,0.8808
818,0.034477,GAS6,1.25E-05,0.96551
819,0.8523,GAS7,1.56E-07,0.1477
820,0.94798,GATA1,0.00015264,0.051865
821,0.89887,GATA3,3.43E-05,0.1011
822,0.49308,GATA4,0.00083068,0.50609
823,0.99957,GATAD2A,4.94E-11,0.00043027
824,1.26E-15,GBP1,0.95773,0.042267
825,0.034814,GCG,0.033426,0.93176
826,0.63464,GCK,5.29E-05,0.36531
827,0.42718,GCLC,4.68E-07,0.57282
828,2.41E-05,GCNT2,0.23891,0.76107
829,3.01E-07,GDF15,0.90076,0.09924
830,5.52E-06,GDF9,0.31243,0.68756
831,0.2035,GDNF,0.039064,0.75744
832,1.18E-08,GEM,0.65711,0.34289
833,1.46E-06,GFAP,0.14634,0.85366
834,0.00052334,GFI1B,0.025848,0.97363
835,8.44E-05,GHR,0.00063419,0.99928
836,0.27108,GIP,0.021884,0.70704
837,0.99978,GIT1,4.06E-13,0.0002227
838,0.15523,GJA1,0.0030506,0.84172
839,7.66E-14,GLI1,0.15707,0.84293
840,0.97303,GLI2,1.70E-11,0.026972
841,0.99999,GLI3,7.03E-17,1.23E-05
842,4.86E-05,GLIPR2,0.56005,0.4399
843,5.60E-08,GLIS3,0.0015896,0.99841
844,5.67E-07,GLRX,0.92441,0.07559
845,0.96154,GLS,4.95E-09,0.038457
846,0.03103,GM2A,0.14461,0.82436
847,0.99132,GMDS,7.53E-08,0.0086776
848,0.21757,GML,0.12447,0.65796
849,0.88941,GNA11,4.33E-05,0.11055
850,0.96994,GNA12,3.90E-05,0.030021
851,0.86735,GNA13,6.98E-05,0.13258
852,2.43E-17,GNA14,0.99887,0.0011304
853,0.0059721,GNA15,0.0040346,0.98999
854,0.91125,GNAI1,2.45E-05,0.088723
855,0.89194,GNAI2,4.07E-05,0.10802
856,0.038287,GNAI3,0.0012854,0.96043
857,0.98069,GNAQ,5.36E-07,0.019305
858,0.68076,GNAS,5.77E-08,0.31924
859,0.96272,GNAZ,6.65E-05,0.037213
860,0.98876,GNB2,7.00E-07,0.011235
861,3.33E-11,GNB3,0.91177,0.088231
862,6.36E-08,GNB5,0.11805,0.88195
863,0.58936,GNG12,0.037053,0.37359
864,0.50556,GNG2,0.064883,0.42956
865,0.15575,GNG4,0.19483,0.64942
866,0.067566,GNRHR,0.012505,0.91993
867,0.23586,GOLPH3,0.0064011,0.75774
868,0.019543,GORASP1,0.003519,0.97694
869,1.02E-11,GPATCH2,0.52002,0.47998
870,0.015547,GPC1,0.001005,0.98345
871,0.9982,GPC3,3.96E-08,0.0018024
872,0.14181,GPC6,0.00014904,0.85804
873,0.2018,GPCPD1,6.24E-07,0.7982
874,8.13E-11,GPD2,0.02953,0.97047
875,2.88E-27,GPNMB,0.99999,8.06E-06
876,0.28858,GPR107,1.39E-06,0.71142
877,0.016959,GPR132,0.25467,0.72837
878,8.53E-08,GPR141,0.95175,0.048246
879,0.1493,GPR146,0.066352,0.78435
880,3.85E-05,GPX1,0.77271,0.22725
881,0.0013146,GRAMD1A,2.49E-06,0.99868
882,0.99929,GRAMD1B,1.40E-12,0.00071312
883,0.00015256,GRAP2,0.0065232,0.99332
884,0.93945,GRB10,1.55E-08,0.06055
885,0.053089,GRB14,3.18E-05,0.94688
886,0.93934,GRB2,4.58E-05,0.060616
887,1.36E-06,GRB7,0.0019554,0.99804
888,6.60E-09,GREB1,3.27E-11,1
889,0.99869,GRIA1,1.26E-12,0.0013147
890,0.99841,GRIK2,1.99E-12,0.0015857
891,NA,GRK2,NA,NA
892,0.67567,GRK5,3.00E-07,0.32433
893,0.00048726,GRK6,5.12E-05,0.99946
894,0.99872,GRM5,5.85E-12,0.0012821
895,0.99896,GRM7,1.74E-11,0.0010396
896,0.069666,GRN,2.06E-05,0.93031
897,2.55E-23,GSAP,0.91563,0.084366
898,1,GSE1,3.53E-18,5.02E-07
899,0.9997,GSK3A,4.88E-10,0.00029685
900,0.95571,GSK3B,1.72E-07,0.044292
901,3.89E-11,GSN,0.017735,0.98226
902,1.73E-06,GSTA1,0.74305,0.25695
903,1.94E-06,GSTK1,0.53688,0.46312
904,0.014155,GSTP1,0.026442,0.9594
905,1.01E-12,GTDC1,0.91919,0.080811
906,0.98982,GTF2H1,4.56E-09,0.01018
907,0.99592,GTF2I,4.87E-10,0.0040811
908,0.68714,GULP1,0.00015964,0.3127
909,3.67E-14,GZMB,0.99835,0.0016523
910,0.17652,H2AFX,0.16708,0.6564
911,0.0062064,HABP4,0.0038175,0.98998
912,0.0081797,HAMP,0.41355,0.57828
913,0.07563,HBEGF,0.046855,0.87752
914,0.0042407,HBP1,0.00027374,0.99549
915,1,HCFC1,2.81E-20,1.86E-08
916,0.01976,HCK,2.89E-05,0.98021
917,0.61427,HDAC1,2.59E-06,0.38573
918,0.99997,HDAC2,1.40E-12,2.68E-05
919,0.56737,HDAC3,3.84E-06,0.43263
920,1,HDAC4,1.52E-23,8.46E-10
921,1,HDAC6,4.07E-17,3.68E-07
922,0.99969,HDAC7,3.72E-14,0.00030993
923,0.99973,HDAC9,2.16E-16,0.00026801
924,1,HERC1,1.41E-49,2.21E-07
925,1,HERC2,1.67E-56,4.49E-13
926,0.99947,HGF,2.80E-14,0.00053107
927,3.25E-08,HHAT,0.016558,0.98344
928,0.13002,HIC1,0.0042144,0.86577
929,0.9777,HIF1A,2.59E-10,0.022298
930,1,HIPK2,2.38E-17,2.12E-06
931,0.27733,HIPK3,5.20E-10,0.72267
932,5.45E-07,HIST1H2AM,0.96109,0.038907
933,0.0037893,HIST1H2BB,0.57544,0.42078
934,0.26064,HIST1H3C,0.092231,0.64713
935,0.18727,HIST2H2AC,0.15451,0.65821
936,1,HIVEP1,1.66E-25,2.52E-08
937,1,HIVEP2,6.43E-30,7.60E-12
938,0.90584,HIVEP3,2.72E-14,0.094164
939,0.91459,HK1,1.52E-09,0.085407
940,0.0045893,HK2,2.02E-06,0.99541
941,0.0013299,HLA-A,0.0070824,0.99159
942,3.86E-05,HLA-B,0.042807,0.95715
943,0.002381,HLA-DMA,0.064625,0.93299
944,0.0024627,HLA-DMB,0.06198,0.93556
945,2.98E-10,HLA-DOA,0.97606,0.023937
946,1.92E-06,HLA-DOB,0.53873,0.46127
947,2.50E-06,HLA-DPA1,0.69032,0.30968
948,5.33E-10,HLA-DPB1,0.93613,0.063875
949,0.023947,HLA-DQA1,0.055535,0.92052
950,1.01E-05,HLA-DQA2,0.64442,0.35557
951,0.0089259,HLA-DQB1,0.049035,0.94204
952,0.51949,HLA-DRA,0.003301,0.4772
953,0.0010997,HLA-DRB1,0.15392,0.84498
955,NA,HLA-DRB4,NA,NA
956,3.64E-07,HLA-DRB5,0.8897,0.1103
957,0.036773,HLA-E,0.001367,0.96186
958,3.28E-05,HLA-F,0.052881,0.94709
959,0.88317,HLX,5.00E-05,0.11678
960,0.68958,HM13,3.16E-05,0.31039
961,3.63E-38,HMCN1,1.74E-27,1
962,0.83209,HMGA1,0.0030774,0.16483
963,0.82035,HMGB1,0.00077553,0.17887
964,0.95087,HMGB2,0.0001323,0.048996
965,0.20661,HMGN1,0.037974,0.75542
966,0.0096817,HMOX1,0.044106,0.94621
967,0.96115,HNF1A,1.24E-07,0.038851
968,0.15285,HNF4A,0.00012968,0.84702
969,0.99998,HNRNPK,4.69E-13,1.71E-05
970,0.99685,HNRNPL,6.33E-09,0.0031508
971,0.99999,HNRNPM,1.73E-13,1.14E-05
972,0.99935,HNRNPR,1.34E-10,0.00064739
973,1,HNRNPU,2.82E-16,1.57E-06
974,0.99999,HNRNPUL1,4.17E-16,1.32E-05
975,4.65E-18,HOOK2,0.30897,0.69103
976,0.0013606,HOXA7,0.32391,0.67473
977,4.36E-05,HOXA9,0.58097,0.41898
978,0.00028382,HOXB7,0.42351,0.5762
979,0.89103,HPCAL1,0.00099541,0.10798
980,0.079774,HRAS,0.043326,0.8769
981,1.86E-06,HRH1,0.30744,0.69256
982,1.19E-06,HS1BP3,0.40462,0.59537
983,0.11777,HSD11B2,0.023531,0.8587
984,0.74762,HSF1,1.70E-05,0.25237
985,0.86025,HSP90AA1,2.73E-08,0.13975
986,0.99923,HSP90AB1,2.01E-10,0.00076508
987,0.9972,HSP90B1,7.95E-12,0.0027998
988,0.030228,HSPA1A,0.1487,0.82108
989,0.0053464,HSPA1B,0.26841,0.72624
990,2.78E-07,HSPB1,0.90518,0.09482
991,0.043128,HSPB8,0.099253,0.85762
992,0.99257,HSPD1,5.15E-08,0.0074325
993,0.0062906,HTR5A,0.07603,0.91768
994,0.00018524,HTR6,0.2758,0.72401
995,0.0035755,HTRA2,0.0083867,0.98804
996,1,HTT,1.33E-43,1.28E-12
997,0.035295,ICAM1,0.001455,0.96325
998,1.21E-06,ICAM4,0.78716,0.21284
999,0.00031026,ID1,0.62899,0.3707
1000,0.66939,ID2,0.019727,0.31089
1001,0.72177,ID3,0.012121,0.26611
1002,3.30E-06,IDO1,0.19455,0.80544
1003,3.14E-09,IDO2,0.69069,0.30931
1004,0.63122,IER3,0.027028,0.34175
1005,0.86869,IER5,0.0016134,0.1297
1006,1.78E-11,IFI16,0.40022,0.59978
1007,0.010698,IFI27,0.35388,0.63543
1008,4.28E-07,IFI35,0.61295,0.38705
1009,0.013731,IFI6,0.29917,0.68709
1010,0.00027793,IFIT1,0.42809,0.57163
1011,0.11732,IFIT3,0.094813,0.78786
1012,0.13569,IFITM1,0.22692,0.63739
1013,0.030466,IFITM3,0.35655,0.61298
1014,NA,IFNA1,NA,NA
1015,NA,IFNA2,NA,NA
1016,NA,IFNB1,NA,NA
1017,0.47156,IFNG,0.0217,0.50674
1018,0.062532,IFNLR1,0.014103,0.92337
1019,0.2716,IGF1,0.021792,0.70661
1020,0.96799,IGF1R,2.15E-13,0.032008
1021,0.044127,IGF2,0.096518,0.85936
1022,1,IGF2R,1.83E-30,8.50E-08
1023,0.91029,IGFBP3,0.00060458,0.089105
1024,0.0090053,IKBKE,7.61E-07,0.99099
1025,0.04746,IL12A,0.021388,0.93115
1026,0.014426,IL13,0.28858,0.697
1027,0.96333,IL13RA1,1.30E-05,0.036656
1028,0.70859,IL15,0.0030623,0.28835
1029,2.33E-06,IL15RA,0.7009,0.29909
1030,1.24E-10,IL16,0.00014274,0.99986
1031,0.043049,IL17A,0.099474,0.85748
1032,0.0001243,IL17C,0.59317,0.4067
1033,0.19796,IL17D,0.14307,0.65896
1034,0.030717,IL18,0.14618,0.8231
1035,0.0001602,IL1A,0.30613,0.69371
1036,0.13005,IL1B,0.0042124,0.86574
1037,0.15126,IL1R1,0.00013224,0.84861
1038,0.25846,IL1RAP,8.93E-06,0.74153
1039,0.47968,IL2,0.020478,0.49984
1040,0.00018843,IL22,0.51096,0.48885
1041,0.35806,IL23A,0.011116,0.63082
1042,0.78232,IL27,0.0013197,0.21636
1043,2.59E-09,IL3,0.97693,0.023067
1044,8.29E-10,IL33,0.95658,0.043419
1045,2.99E-27,IL3RA,1,2.22E-06
1046,0.0047372,IL4,0.29362,0.70164
1047,0.00023013,IL4R,0.01739,0.98238
1048,0.0056529,IL5,0.25705,0.7373
1049,0.31536,IL6,0.015405,0.66924
1050,3.79E-05,ILK,0.001996,0.99797
1051,0.011165,IMMP2L,0.13737,0.85147
1052,0.0096662,ING1,0.0097573,0.98058
1053,0.99952,INPP4A,2.24E-14,0.00048478
1054,0.55218,INPP4B,2.98E-10,0.44782
1055,0.97198,INPP5D,7.65E-13,0.028025
1056,0.30091,INS,0.070035,0.62906
1057,3.61E-05,INSR,1.22E-09,0.99996
1058,1.26E-05,INTS7,3.32E-06,0.99998
1059,0.0015595,IPCEF1,0.0011562,0.99728
1060,0.99754,IQGAP1,2.73E-20,0.0024603
1061,8.50E-27,IQGAP2,0.007036,0.99296
1062,0.99969,IQSEC1,8.95E-13,0.00030798
1063,2.61E-19,IRAK2,0.99232,0.0076838
1064,0.9909,IRF1,4.18E-07,0.009099
1065,0.79793,IRF2,4.44E-05,0.20203
1066,0.0090365,IRF5,0.000451,0.99051
1067,0.023645,IRS1,2.21E-05,0.97633
1068,0.99032,IRS2,1.99E-08,0.0096801
1069,0.57796,IRS4,1.74E-05,0.42202
1070,0.002899,ISG20,0.40044,0.59666
1071,8.66E-08,ITGA11,2.89E-07,1
1072,6.28E-11,ITGA2,6.39E-07,1
1073,3.55E-07,ITGA3,1.88E-07,1
1074,0.00010067,ITGA4,3.38E-08,0.9999
1075,0.42455,ITGA5,6.63E-12,0.57545
1076,1.90E-07,ITGA6,9.35E-08,1
1077,6.08E-13,ITGA8,2.04E-05,0.99998
1078,0.0081584,ITGA9,7.28E-09,0.99184
1079,0.0043213,ITGAL,7.49E-10,0.99568
1080,3.31E-11,ITGAM,7.91E-06,0.99999
1081,0.00022844,ITGAV,2.11E-09,0.99977
1082,1.37E-15,ITGAX,0.00021697,0.99978
1083,0.98208,ITGB1,7.48E-10,0.017918
1084,0.0017189,ITGB3,8.35E-06,0.99827
1085,9.53E-19,ITGB4,8.51E-07,1
1086,9.89E-08,ITGB5,0.0007035,0.9993
1087,1.63E-22,ITGB6,0.99736,0.0026426
1088,2.37E-06,ITGB7,0.00018026,0.99982
1089,0.99767,ITGB8,2.52E-11,0.0023321
1090,1,ITPR1,4.39E-43,1.10E-14
1091,5.71E-29,ITPR2,3.68E-10,1
1092,1,ITSN1,1.67E-27,7.25E-07
1093,0.99994,JADE2,4.92E-13,6.49E-05
1094,1,JAG1,1.79E-21,8.28E-08
1095,1,JAG2,6.31E-22,5.39E-08
1096,0.65372,JAK2,2.53E-11,0.34628
1097,0.0006158,JAM3,0.020722,0.97866
1098,1,JMJD1C,2.62E-40,7.95E-16
1099,0.05962,JUN,0.065457,0.87492
1100,0.86299,JUNB,0.0018024,0.13521
1101,0.70054,JUND,0.014898,0.28457
1102,1,KALRN,6.88E-30,4.00E-10
1103,0.57331,KAT2A,3.03E-08,0.42669
1104,0.98975,KAT2B,7.78E-12,0.010254
1105,0.088234,KAT5,1.40E-05,0.91175
1106,1,KAT6A,5.85E-35,6.47E-14
1107,1,KAT6B,4.27E-28,3.04E-10
